-1.540416537606549952e+00
-3.725622878275000271e+00
-3.421625006990000273e+00
-3.685265026885000239e+00
-2.803719239549999909e+00
-3.700712973879999979e+00
-2.182282449225000143e+00
-2.934611841369999752e+00
-3.251637633310000108e+00
-4.438298226995000206e+00
-3.462313824739999824e+00
-2.551335726835000095e+00
-2.918434759784999777e+00
-2.281113720065000017e+00
-2.867589586334999829e+00
-3.385998580259999891e+00
-2.490439801504999995e+00
-1.890044144772500045e+00
-2.686842449840000313e+00
-3.321807300099999694e+00
-3.711466630960000401e+00
-2.730529215765000295e+00
-3.470453655670000082e+00
-3.206852615725000355e+00
-2.707113554090000207e+00
-3.440216785909999686e+00
-3.584130545414999869e+00
-3.366590353180000328e+00
-2.641395355364999809e+00
-2.910549201274999831e+00
-2.648578133080000008e+00
-2.763986628639999665e+00
-3.736939429805000046e+00
-3.142078277755000038e+00
-2.746995674245000352e+00
-2.197490370125000148e+00
-2.818890490859999876e+00
-1.973178844345000016e+00
-3.343467297415000150e+00
-3.006362302764999939e+00
-3.531957927019999666e+00
-3.074506790180000060e+00
-2.141890319749999883e+00
-2.777934835855000006e+00
-3.961396225804999727e+00
-3.290715536325000024e+00
-3.611946114874999836e+00
-2.247187256220000151e+00
-2.641193992525000311e+00
-3.070339941400000328e+00
-3.806126476904999834e+00
-3.206214093589999869e+00
-2.693079937804999879e+00
-2.653904642435000127e+00
-2.327911062590000135e+00
-3.472197330600000242e+00
-3.781618901955000389e+00
-2.124543494070000094e+00
-2.730029426779999824e+00
-2.836287003689999864e+00
-2.743479812014999908e+00
-3.601812678895000452e+00
-3.548155297329999680e+00
-3.438203751995000168e+00
-3.617021610745000171e+00
-3.391014518114999987e+00
-2.994477878975000174e+00
-3.504055730464999741e+00
-3.026066405574999951e+00
-3.263133190670000072e+00
-3.575009431414999828e+00
-3.013164336834999624e+00
-2.454228363029999915e+00
-3.428612668845000044e+00
-2.198430019069999908e+00
-1.955456768155000136e+00
-3.103251983954999904e+00
-2.239731419805000012e+00
-3.708017700974999720e+00
-3.003112064819999816e+00
-2.646554786664999881e+00
-2.452875669174999995e+00
-2.636290367174999982e+00
-3.447875461615000248e+00
-3.061290538745000234e+00
-2.419295944299999945e+00
-3.286878829474999986e+00
-3.761730130534999716e+00
-2.121040704204999905e+00
-3.111167698564999640e+00
-2.271255661645000146e+00
-2.544433922349999655e+00
-2.465315079569999845e+00
-4.216585196319999618e+00
-3.276099707464999788e+00
-3.107307009120000352e+00
-2.642790886530000272e+00
-3.164280912979999805e+00
-2.085550078045000255e+00
-3.116624806415000393e+00
-2.804825732900000368e+00
-2.976492774975000088e+00
-3.469598508764999867e+00
-3.103462938249999858e+00
-1.406678792014250057e+00
-2.635215012719999805e+00
-3.678630807984999862e+00
-3.045882087179999864e+00
-3.196335164854999800e+00
-3.530239551684999810e+00
-3.414348792584999792e+00
-3.660396663674999829e+00
-3.386243496995000157e+00
-2.375442626074999897e+00
-2.973561778215000118e+00
-2.713374171804999957e+00
-3.299587897544999926e+00
-3.041911714799999888e+00
-1.431080884276300091e+00
-2.362697023274999975e+00
-2.392492113799999931e+00
-2.998699575995000366e+00
-3.033122543184999742e+00
-2.641697161319999765e+00
-2.655006378174999959e+00
-2.924691443134999957e+00
-3.725418014899999797e+00
-2.222543468685000079e+00
-3.280223239489999720e+00
-1.511596199893499914e+00
-4.262110603780000062e+00
-3.715552775355000392e+00
-3.190498538594999989e+00
-2.983235527905000239e+00
-3.019363003349999630e+00
-2.886888581015000010e+00
-3.504730093890000120e+00
-3.104120035200000238e+00
-2.485720014244999998e+00
-2.259941905139999818e+00
-3.421946207465000001e+00
-1.829366990738999998e+00
-2.496535576669999923e+00
-2.916355354324999816e+00
-3.510834864860000071e+00
-2.734695584749999853e+00
-3.071040814689999898e+00
-3.110343939979999917e+00
-3.048182660025000157e+00
-2.711957746354999976e+00
-3.728764254695000169e+00
-2.490439801504999995e+00
-3.452919551114999930e+00
-3.807396694904999990e+00
-3.318187396239999920e+00
-3.421102872900000147e+00
-2.710074085295000046e+00
-3.021784827490000325e+00
-3.483670005190000030e+00
-3.035950913545000240e+00
-2.362531027484999768e+00
-3.422631754144999761e+00
-3.820201039309999658e+00
-2.862024148155000169e+00
-2.936470104939999715e+00
-2.342188556475000016e+00
-3.182674534650000275e+00
-3.373313945989999674e+00
-3.151308244189999996e+00
-2.021279090884999796e+00
-2.786510041165000118e+00
-3.396050567599999681e+00
-3.725742101159999820e+00
-3.020644036280000222e+00
-2.334592865814999918e+00
-2.882008767109999869e+00
-3.493064181660000322e+00
-3.078276017584999913e+00
-2.857992148960000200e+00
-1.924817549986499898e+00
-3.077966799159999933e+00
-3.162005275080000288e+00
-3.420674871404999706e+00
-2.072059761804999845e+00
-2.927889130275000085e+00
-3.405235359809999807e+00
-2.745277548715000293e+00
-2.052232938875000023e+00
-2.919290279620000206e+00
-3.608609641544999747e+00
-3.070276708575000235e+00
-3.079407798110000094e+00
-3.671486450619999786e+00
-3.604930712379999846e+00
-3.734767980540000032e+00
-2.744233427364999756e+00
-2.886603144810000021e+00
-2.778684428830000108e+00
-3.138269085824999749e+00
-2.926105207680000042e+00
-2.359093193695000146e+00
-3.767914895349999682e+00
-2.598557639945000108e+00
-2.686630330834999913e+00
-2.572005832319999907e+00
-3.391117043414999976e+00
-2.296610009305000144e+00
-3.161893557560000012e+00
-3.354611140350000298e+00
-3.068487093224999906e+00
-2.714011920545000400e+00
-2.987037284684999960e+00
-3.901664783680000248e+00
-2.707924106660000163e+00
-2.753944654329999686e+00
-2.197285760914999830e+00
-2.840377392135000179e+00
-3.117709887224999754e+00
-3.166113931374999968e+00
-3.048030285364999870e+00
-2.870879690545000251e+00
-3.275469538810000358e+00
-3.643300725259999595e+00
-3.953306859725000066e+00
-2.604092770709999893e+00
-2.448931404105000098e+00
-2.553540637034999783e+00
-1.634851924363999842e+00
-2.981409321814999736e+00
-2.629727084789999836e+00
-2.803527836539999818e+00
-3.064524742509999733e+00
-2.264385229230000185e+00
-3.077714745545000241e+00
-2.085288486655000106e+00
-2.985654075470000279e+00
-3.240702042965000196e+00
-2.396869899344999943e+00
-3.872416136315000035e+00
-3.315962939224999850e+00
-2.768500454079999784e+00
-2.421228786554999957e+00
-2.508040045585000044e+00
-2.328606849025000258e+00
-3.154163549469999772e+00
-3.004452501309999857e+00
-3.209220902280000232e+00
-3.556627639629999837e+00
-2.752213979995000059e+00
-2.745308398799999772e+00
-3.068996627749999817e+00
-4.147930034645000319e+00
-3.245721647979999958e+00
-2.994619143620000035e+00
-3.400128817439999729e+00
-3.851780285794999870e+00
-2.522886274415000241e+00
-3.183344062929999829e+00
-3.386855030735000049e+00
-2.798990178599999989e+00
-2.932158549670000003e+00
-2.448527309360000181e+00
-3.076174845845000227e+00
-3.046188641560000132e+00
-3.445781121785000067e+00
-3.322633488410000169e+00
-1.884773895192000115e+00
-2.632829270994999860e+00
-3.320892041475000056e+00
-3.311752697484999786e+00
-3.665890790555000223e+00
-3.217708612174999594e+00
-2.587065536715000391e+00
-2.938374634270000119e+00
-3.195330837574999805e+00
-3.616827427039999598e+00
-2.032864356734999767e+00
-3.398237379654999835e+00
-2.845972273894999738e+00
-2.882846528640000017e+00
-3.263762782349999725e+00
-3.336541499700000024e+00
-1.664011690069499894e+00
-2.849397175845000074e+00
-2.601429594284999869e+00
-3.815716661000000176e+00
-2.856534928134999873e+00
-2.846209540064999821e+00
-4.178578503669999833e+00
-2.989792177024999997e+00
-3.719762113789999880e+00
-2.709582217724999964e+00
-2.978782727975000100e+00
-3.006101020045000016e+00
-3.750365316029999896e+00
-1.824696196640000156e+00
-2.948026960985000056e+00
-3.471133823645000227e+00
-2.141890319749999883e+00
-3.110961944035000037e+00
-2.774075777944999821e+00
-2.788251248109999914e+00
-4.433594703519999847e+00
-2.897339555780000353e+00
-1.833198937092999969e+00
-2.724231929405000141e+00
-2.545274181019999915e+00
-2.778557033100000240e+00
-2.846834220434999896e+00
-2.755864577975000174e+00
-2.555088384580000316e+00
-3.180470042699999667e+00
-3.712196634975000187e+00
-3.832311224539999728e+00
-3.281278002790000148e+00
-2.092724123690000049e+00
-3.686908125605000031e+00
-2.860267889664999785e+00
-3.062809753535000290e+00
-3.273159856239999943e+00
-3.016773995884999948e+00
-2.522864571705000003e+00
-3.560174361535000109e+00
-2.987928962885000317e+00
-2.488585057174999893e+00
-3.595323192164999959e+00
-3.153124552720000029e+00
-2.946617062955000144e+00
-3.263133190670000072e+00
-2.926864339689999817e+00
-2.858800901640000003e+00
-3.159829211264999937e+00
-3.250964218200000033e+00
-1.540416537606549952e+00
-2.811117887014999983e+00
-3.778917484185000397e+00
-3.365375185969999627e+00
-3.819702149160000282e+00
-3.153168334494999669e+00
-4.086844331230000016e+00
-3.463755732420000122e+00
-3.261325415469999989e+00
-3.129874409694999748e+00
-3.002114425084999816e+00
-2.962922599089999665e+00
-3.192868170100000125e+00
-2.580045751860000180e+00
-3.615138173190000082e+00
-2.761980002880000118e+00
-2.584044800680000087e+00
-2.182556590624999959e+00
-3.440106787970000024e+00
-2.198329878115000025e+00
-3.126115505105000025e+00
-3.333655127544999708e+00
-3.205124073054999911e+00
-3.256531472459999854e+00
-2.785058227760000005e+00
-3.080238268830000070e+00
-3.009388413414999963e+00
-2.832893074860000304e+00
-2.724565788485000084e+00
-2.490079677859999840e+00
-3.571972635415000319e+00
-3.836760196230000197e+00
-3.406301424210000039e+00
-2.922411200235000006e+00
-3.138327897629999974e+00
-2.589929430654999809e+00
-2.841542782360000352e+00
-3.204021379629999888e+00
-2.413544275110000026e+00
-3.190159357489999792e+00
-2.849921299985000100e+00
-3.196569500665000341e+00
-3.312160241444999986e+00
-2.879388482670000027e+00
-2.889123168254999818e+00
-2.865925050410000008e+00
-3.553674945475000069e+00
-3.787285791030000404e+00
-2.514099207170000128e+00
-3.034382834475000124e+00
-2.170957091530000049e+00
-3.455455012624999878e+00
-2.264385229230000185e+00
-3.065542283724999706e+00
-2.781020132790000154e+00
-2.757094149150000284e+00
-3.225668125070000336e+00
-2.421228786554999957e+00
-2.661729717510000093e+00
-3.358871040664999974e+00
-2.473663799775000172e+00
-3.349535519889999868e+00
-3.242208584085000123e+00
-2.554794318479999937e+00
-2.655899899905000083e+00
-2.750863766790000220e+00
-2.268829696954999697e+00
-2.907161109485000061e+00
-2.721904787679999771e+00
-2.568880615994999950e+00
-2.572266796934999711e+00
-2.928615482215000121e+00
-2.077619431695000074e+00
-3.270219588169999803e+00
-3.272869358290000363e+00
-3.300138259945000208e+00
-3.157418571565000054e+00
-3.163022183045000268e+00
-1.427026849705399947e+00
