-3.236011788329999916e+00
-3.131790920264999833e+00
-3.662888921890000038e+00
-2.681660492575000276e+00
-3.410228362659999846e+00
-2.716928162754999931e+00
-2.745458475549999999e+00
-2.315859636194999904e+00
-2.898638084744999954e+00
-3.297649155824999845e+00
-2.632873041105000311e+00
-3.838600619734999775e+00
-2.335703735155000071e+00
-2.675245558639999910e+00
-3.427613609129999794e+00
-2.174127148235000195e+00
-3.822539251164999818e+00
-2.924277046484999865e+00
-3.433188599204999747e+00
-2.034879268730000135e+00
-2.174118340155000162e+00
-3.006789921374999786e+00
-3.802954930264999867e+00
-2.236380886865000139e+00
-3.188297921390000234e+00
-2.895169138239999995e+00
-4.003380818910000194e+00
-2.753747999015000225e+00
-3.416966332920000404e+00
-2.073779122929999996e+00
-2.006038912428000032e+00
-3.374404401035000056e+00
-3.237266562060000297e+00
-2.862381913125000121e+00
-3.198774982209999784e+00
-2.781600346314999861e+00
-4.047094146640000112e+00
-4.041786964079999933e+00
-1.900954178182000076e+00
-3.961508549955000014e+00
-2.236980796374999692e+00
-2.203716026534999983e+00
-3.609860118054999845e+00
-4.185233014330000501e+00
-3.830842134235000085e+00
-2.939038602870000183e+00
-2.504954218439999991e+00
-2.565192335229999898e+00
-3.418020579879999854e+00
-2.940394613789999667e+00
-3.687698052904999635e+00
-1.963048046598500074e+00
-2.710688838190000283e+00
-3.514303333139999985e+00
-3.309752565315000172e+00
-3.366225745855000007e+00
-2.868338427949999936e+00
-2.242173680700000116e+00
-2.512446493699999728e+00
-2.572038515095000033e+00
-2.711797742324999927e+00
-2.371419876245000058e+00
-3.912843189824999790e+00
-3.761625570685000142e+00
-2.536647214439999853e+00
-1.812051832863499801e+00
-3.480773663404999940e+00
-3.551274956619999923e+00
-3.110378802765000117e+00
-2.360765585524999821e+00
-3.230486577805000259e+00
-3.792820718345000230e+00
-3.222073282020000207e+00
-2.813471229600000179e+00
-3.265404679059999982e+00
-3.507386257454999878e+00
-2.678746035635000133e+00
-1.925892802325000153e+00
-3.134563129540000048e+00
-2.436252180699999936e+00
-1.978301068366500104e+00
-3.455560991965000106e+00
-3.332394738890000152e+00
-3.198224273730000178e+00
-2.709572701604999967e+00
-3.352879896610000188e+00
-2.787319984474999846e+00
-3.743271104719999798e+00
-3.215067608994999659e+00
-2.910723179285000128e+00
-3.669393822034999975e+00
-1.976744351809500033e+00
-3.102814393680000116e+00
-4.235507867584999531e+00
-2.571261352030000058e+00
-2.813082194805000213e+00
-1.832117870760000100e+00
-3.063132393065000070e+00
-1.887953835015000026e+00
-1.659798069931999853e+00
-3.530304322640000159e+00
-1.831510848760000032e+00
-2.879991920295000174e+00
-2.229962577100000232e+00
-2.698464866880000201e+00
-2.995459894495000164e+00
-2.718883837919999991e+00
-2.633916121034999946e+00
-3.397975388394999907e+00
-2.856730746824999834e+00
-2.283946341090000054e+00
-3.098661304704999786e+00
-2.721313569320000347e+00
-2.958450862584999896e+00
-2.344686157920000014e+00
-3.373590205990000257e+00
-2.895329894975000151e+00
-2.167558459934999959e+00
-1.689478305284000115e+00
-3.234076279765000006e+00
-3.225474108490000269e+00
-2.914781396865000040e+00
-2.929478345299999731e+00
-3.268888876394999699e+00
-2.634454958995000151e+00
-3.628743655510000110e+00
-4.003763036395000086e+00
-3.023891071715000045e+00
-2.811535518320000371e+00
-2.935603830535000291e+00
-4.198785892854999702e+00
-3.550586521759999670e+00
-2.868463770975000049e+00
-3.111111149480000115e+00
-3.135932282669999793e+00
-3.929694671355000057e+00
-3.437727302289999898e+00
-3.623433991099999751e+00
-3.428363919989999786e+00
-3.277899723520000030e+00
-3.361390224980000063e+00
-4.178827540629999504e+00
-2.825210122090000109e+00
-2.107955845080000223e+00
-1.587866866439500146e+00
-3.265096989699999952e+00
-2.573616002140000081e+00
-2.522158500535000236e+00
-2.210161693764999935e+00
-3.174893862559999835e+00
-2.406667541770000085e+00
-2.158530385955000241e+00
-3.243203908999999996e+00
-2.399952011924999962e+00
-2.867137574765000085e+00
-2.126573684134999809e+00
-2.559145247670000067e+00
-2.210348975500000090e+00
-3.159414797724999779e+00
-3.216860526849999680e+00
-1.878556813330499953e+00
-2.716599556979999885e+00
-2.423301459245000178e+00
-2.909493726180000017e+00
-2.956531767780000042e+00
-3.874678987684999854e+00
-3.903430289674999720e+00
-2.177888806299999924e+00
-3.230316668760000010e+00
-2.341438955065000105e+00
-2.023997020174999939e+00
-3.170597029115000076e+00
-1.647582104953999815e+00
-2.637639484375000176e+00
-3.437754910999999858e+00
-2.534402268770000077e+00
-2.913283102124999857e+00
-2.966635268485000143e+00
-2.822522228134999978e+00
-2.420367278815000134e+00
-4.296276766150000093e+00
-2.335887001530000173e+00
-3.942214962339999573e+00
-3.295235678474999652e+00
-2.786560159054999986e+00
-4.562616281009999497e+00
-2.810964580004999824e+00
-3.169729049475000338e+00
-3.036167503479999752e+00
-2.934563288300000128e+00
-3.174281279179999693e+00
-2.939112596770000252e+00
-3.955127702299999992e+00
-3.740438203375000104e+00
-1.990581762030000146e+00
-2.818269535479999810e+00
-2.350340768579999740e+00
-2.567492757850000196e+00
-3.782515360299999685e+00
-3.097105557174999912e+00
-2.094943131359999988e+00
-3.056534542705000135e+00
-1.720626017672499897e+00
-3.423454076399999657e+00
-3.197928755169999970e+00
-3.596964879739999787e+00
-2.666809464009999964e+00
-3.116182013370000004e+00
-3.573350314555000296e+00
-2.858525494504999820e+00
-2.765696783254999680e+00
-3.213245623565000209e+00
-2.569001714979999740e+00
-4.011150926090000013e+00
-3.602239479255000099e+00
-2.840602065879999749e+00
-4.391544140185000167e+00
-2.161307551665000215e+00
-3.518019869129999755e+00
-2.358538897474999896e+00
-3.614732883639999894e+00
-2.918559550650000389e+00
-3.139623034869999607e+00
-1.991658128962499941e+00
-1.475623567607299957e+00
-2.904772385130000245e+00
-2.722407708455000019e+00
-2.097023148269999915e+00
-3.225445535269999997e+00
-2.503186131160000105e+00
-2.445005843709999738e+00
-2.459752806605000064e+00
-3.611607860854999963e+00
-2.642015135564999895e+00
-3.396904181060000028e+00
-2.383893979779999839e+00
-3.039598648704999739e+00
-3.692596865435000097e+00
-3.526679358810000053e+00
-3.190865518854999916e+00
-3.199345707660000038e+00
-3.004998090174999970e+00
-2.646222193335000306e+00
-3.065199101750000210e+00
-3.302397548925000148e+00
-3.123716818034999676e+00
-2.343949378225000046e+00
-3.274939420724999994e+00
-2.876319141605000240e+00
-2.671297195610000230e+00
-2.500845480135000187e+00
-2.498625002155000274e+00
-2.346854395504999857e+00
-3.252808434334999887e+00
-2.221692326104999893e+00
-2.952205315805000119e+00
-2.034429418624999819e+00
-4.012596463879999575e+00
-2.523015971199999985e+00
-2.544448832070000055e+00
-2.850591073829999988e+00
-3.204147847415000250e+00
-2.514311643405000130e+00
-3.146547383849999768e+00
-3.403356469904999848e+00
-3.508763863049999987e+00
-3.616922646774999972e+00
-2.663961068109999886e+00
-3.229366150425000193e+00
-2.864826348894999875e+00
-1.894089625277500133e+00
-2.622780926019999903e+00
-3.529587883700000095e+00
-3.334693768510000211e+00
-2.806693730080000115e+00
-3.066727478549999830e+00
-3.642264357520000218e+00
-4.846966361715000282e+00
-2.693135454145000107e+00
-3.456609322024999820e+00
-3.561996017954999871e+00
-2.998167315194999905e+00
-3.065192494149999725e+00
-3.031292114220000222e+00
-3.507370630595000094e+00
-3.025041131574999653e+00
-2.076823103805000237e+00
-2.322024809964999825e+00
-2.876581550405000076e+00
-3.658851379285000149e+00
-2.056612513220000160e+00
-3.720665635449999620e+00
-2.939925107965000173e+00
-2.962264724569999785e+00
-3.218488283850000187e+00
-3.777866098420000096e+00
-3.581470141409999641e+00
-2.330645249109999817e+00
-1.971251792189500085e+00
-3.129680248409999699e+00
-3.207991097449999884e+00
-2.274159852980000007e+00
-3.549362775010000082e+00
-4.061619151249999504e+00
-3.217356482210000035e+00
-1.798382916123500097e+00
-3.847466743775000086e+00
-2.405061926580000176e+00
-3.639929633574999990e+00
-3.818329557540000252e+00
-2.074124591769999970e+00
-3.060143995325000255e+00
-1.877328307840000043e+00
-3.154763213934999921e+00
-2.532453486615000138e+00
-2.765854813865000317e+00
-3.134067980410000231e+00
-3.785480894154999998e+00
-2.616123216130000095e+00
-3.075328804669999805e+00
-3.130402253239999766e+00
-2.869402810650000024e+00
-3.320335310935000006e+00
-3.402823027150000179e+00
-3.317374381515000081e+00
-2.621246245210000048e+00
-4.013806077089999924e+00
-2.356084458469999809e+00
-3.001080957790000170e+00
-3.344328682050000001e+00
-3.873848168779999934e+00
-2.647304142099999869e+00
-3.384923983050000196e+00
-1.677734983787000145e+00
-3.568652312479999811e+00
-2.981617690794999831e+00
-2.721116213714999787e+00
-3.117564687325000250e+00
-2.855566594485000387e+00
-2.717540590020000035e+00
-3.001409623685000305e+00
-1.774639203486000127e+00
-3.182389091800000180e+00
-2.602709286895000140e+00
-2.812483681805000302e+00
-2.152130676415000110e+00
-3.934045708435000233e+00
-3.217972680684999975e+00
-2.770266062914999772e+00
-3.279189304805000038e+00
-2.740497990685000218e+00
-3.335608966839999745e+00
-3.936959133260000243e+00
-2.876101075934999862e+00
-1.911827390775000080e+00
-3.497727185140000028e+00
-3.052553330614999894e+00
-2.192089371399999820e+00
-3.072897819795000096e+00
-3.742831833510000372e+00
-2.651459322625000059e+00
-2.491297168894999636e+00
-2.768094902569999682e+00
-3.312786484604999693e+00
-1.514141341486900050e+00
-4.697378953094999865e+00
-4.476669960979999807e+00
-2.654502481169999761e+00
-2.617987036469999751e+00
-2.421560080809999960e+00
-3.430856157410000051e+00
-3.243879146839999894e+00
-2.187338496415000222e+00
-3.799411614204999843e+00
-2.465844900275000029e+00
-3.275756925090000049e+00
-2.220174596699999725e+00
-3.436591160419999902e+00
-1.605054832200500048e+00
-2.721706059969999814e+00
-2.864820280495000038e+00
-3.251919401314999902e+00
-2.326584526510000028e+00
-2.642643734685000023e+00
-2.366656633629999895e+00
-4.193925390640000472e+00
-2.937146897129999878e+00
-3.619055215199999953e+00
-2.678092245404999794e+00
-2.519712186320000047e+00
-1.478043448024749962e+00
-3.701504835785000225e+00
-2.890689943264999950e+00
-2.922661313269999894e+00
-3.589834578059999615e+00
-3.780314385735000116e+00
-3.405011741620000087e+00
-2.906348244564999739e+00
-2.902484463760000022e+00
-3.673184227910000210e+00
-4.454512774050000345e+00
-1.512343286552150001e+00
-3.085459653015000026e+00
-2.861124278794999753e+00
-2.519976292164999965e+00
-3.335630329819999851e+00
-2.346987443629999781e+00
-3.044622825664999866e+00
-3.292712087690000011e+00
-3.596964879739999787e+00
-1.712463176658000075e+00
-2.932148787885000107e+00
