-4.584475836620000244e+00
-3.636752634305000065e+00
-3.998835493385000106e+00
-3.277333105734999918e+00
-2.419982203315000024e+00
-3.624404801664999898e+00
-3.859720015825000239e+00
-3.581034999839999955e+00
-3.939616105909999888e+00
-3.899222042169999902e+00
-3.161292415404999723e+00
-2.133565910616499917e+00
-3.068286526125000080e+00
-3.392956426310000051e+00
-3.221773610635000118e+00
-3.090284519829999965e+00
-4.166895449780000149e+00
-3.667565033005000252e+00
-3.183783987905000057e+00
-3.042892700839999964e+00
-3.063386323710000081e+00
-3.791312629694999714e+00
-3.854936615269999756e+00
-3.589389431949999931e+00
-3.492677086100000050e+00
-3.873717302254999773e+00
-3.048410392075000086e+00
-3.822994955835000042e+00
-4.097964198045000117e+00
-1.904247836025000140e+00
-2.900412813179999993e+00
-3.063244638535000064e+00
-4.118042226754999646e+00
-3.190953886675000017e+00
-3.875849312505000199e+00
-2.932453665220000172e+00
-2.616299155265000120e+00
-3.520710743805000043e+00
-4.060884298514999990e+00
-3.053838261154999678e+00
-2.524308814874999918e+00
-3.233946274690000067e+00
-2.259164872384999967e+00
-3.363551917625000165e+00
-3.062092185230000041e+00
-4.007269773099999988e+00
-3.314014049844999921e+00
-4.322156266284999937e+00
-3.277442255625000023e+00
-2.655786282034999779e+00
-3.360043034290000286e+00
-3.537790400190000017e+00
-3.659817954749999824e+00
-3.464357048814999729e+00
-3.542702459840000095e+00
-3.744664051765000057e+00
-2.882381712699999987e+00
-4.112455856589999570e+00
-3.007436931089999987e+00
-3.450748245829999838e+00
-3.918028525110000437e+00
-3.023566384455000033e+00
-3.749893907099999701e+00
-3.960936590855000272e+00
-2.402039574599999838e+00
-3.380449891565000087e+00
-2.197833030422999823e+00
-4.191736736894999815e+00
-3.303797040280000097e+00
-3.723532870715000165e+00
-2.764750254894999593e+00
-3.246032794615000050e+00
-3.830069250769999822e+00
-2.556419071200000115e+00
-3.151498024419999933e+00
-1.876174490747499979e+00
-3.953618308949999882e+00
-3.247242817780000124e+00
-3.092359411664999946e+00
-4.308679462455000220e+00
-3.235833536989999981e+00
-3.918189183284999988e+00
-3.053269445835000262e+00
-3.572070640139999753e+00
-3.097620554155000150e+00
-4.458538184950000094e+00
-1.868124852320000029e+00
-2.650842525469999877e+00
-2.602060099160000028e+00
-3.394718385765000068e+00
-3.646102855799999709e+00
-3.574915723284999736e+00
-3.679466458170000287e+00
-2.646207793259999885e+00
-3.399163779414999809e+00
-4.384426968290000559e+00
-3.748184909589999947e+00
-2.405421910814999897e+00
-3.564304965659999880e+00
-3.549802615654999993e+00
-4.275251805245000369e+00
-2.791557772890000066e+00
-3.976710380045000104e+00
-4.019594813959999513e+00
-3.158740337844999857e+00
-3.099499931435000022e+00
-3.081664928384999946e+00
-3.720522507044999649e+00
-4.039310064749999540e+00
-3.413377414170000179e+00
-3.951249442754999563e+00
-3.439704901345000287e+00
-3.748225832640000199e+00
-2.512028469869999725e+00
-3.801913460245000209e+00
-3.261722849619999920e+00
-3.874833325445000032e+00
-3.709137795520000225e+00
-4.417103085549999975e+00
-3.353187732759999928e+00
-4.560058845894999990e+00
-2.924984788425000204e+00
-2.392299076515000067e+00
-4.157196243325000040e+00
-3.069545771370000065e+00
-3.057283902210000015e+00
-2.763261513334999808e+00
-2.793261410004999945e+00
-4.029317972124999869e+00
-3.663753367650000037e+00
-2.304584840445000005e+00
-3.992026640329999765e+00
-4.329135443884999823e+00
-2.381111207815000075e+00
-3.971830106629999690e+00
-3.624404801664999898e+00
-2.262195502465000008e+00
-4.189830830690000063e+00
-4.200451494734999791e+00
-2.850478824999999716e+00
-2.231539987769999733e+00
-3.075018733754999900e+00
-3.894274353620000184e+00
-2.734510938675000169e+00
-4.038234823389999839e+00
-3.656303131000000040e+00
-3.688612287145000224e+00
-4.069235085675000363e+00
-3.357672697995000011e+00
-4.065058527699999757e+00
-3.136987610184999831e+00
-3.247340619464999634e+00
-3.632405782874999822e+00
-4.186090720950000232e+00
-3.554799608929999799e+00
-1.941881943958999823e+00
-3.016817983264999725e+00
-3.634818740205000065e+00
-3.354771088310000149e+00
-2.851584099960000174e+00
-3.032224379419999671e+00
-3.222771306829999904e+00
-2.477796699549999815e+00
-4.048871505274999727e+00
-3.534347010239999864e+00
-3.205754802424999994e+00
-4.789321130619999423e+00
-4.081477763709999707e+00
-2.419982203315000024e+00
-2.806535589210000126e+00
-3.057047496835000100e+00
-2.208350892179999914e+00
-3.628572505904999801e+00
-3.062055459669999813e+00
-3.315647365420000270e+00
-3.795000588364999761e+00
-2.384109225040000002e+00
-3.172460941449999794e+00
-4.046391034035000445e+00
-3.299525765404999866e+00
-3.525110840965000047e+00
-4.076917805409999929e+00
-3.089898034234999979e+00
-2.590930370315000175e+00
-3.678332724709999724e+00
-3.513731429729999967e+00
-3.897287569374999983e+00
-3.200044449790000023e+00
-4.548028696824999884e+00
-3.544209341940000257e+00
-3.239872904434999867e+00
-3.804780668709999869e+00
-2.580997074454999929e+00
-3.101991541704999911e+00
-2.391878074140000088e+00
-3.169390456844999981e+00
-2.806904094944999706e+00
-1.812062221695499797e+00
-3.089923686485000154e+00
-4.145606797870000193e+00
-4.409568976740000146e+00
-3.771004115844999838e+00
-3.790357149010000093e+00
-3.040762343764999986e+00
-4.071017135365000428e+00
-3.353129943679999947e+00
-4.374662867979999703e+00
-3.207301529879999613e+00
-4.375464293250000303e+00
-3.025003053619999882e+00
-2.186723922792999986e+00
-3.514535350390000090e+00
-4.040853764715000018e+00
-3.902566956340000282e+00
-4.370802396849999383e+00
-3.896925660775000022e+00
-2.848282079345000106e+00
-3.665721295775000055e+00
-3.757189255840000186e+00
-1.937013100753000039e+00
-3.256339299319999991e+00
-1.951932767773000066e+00
-4.015414219940000251e+00
-1.836906134533500046e+00
-3.847590849920000000e+00
-3.406653848014999930e+00
-3.765636762339999777e+00
-4.218029732105000207e+00
-2.607163500294999992e+00
-2.827556619954999739e+00
-3.522676574594999721e+00
-4.043549975184999923e+00
-2.305247238909999830e+00
-2.419799824675000099e+00
-3.910580403840000052e+00
-3.492862429005000102e+00
-2.832924026845000220e+00
-4.246301655385000373e+00
-3.898012383544999793e+00
-2.857805978075000031e+00
-3.711769939055000300e+00
-3.940003076014999550e+00
-3.068388984010000264e+00
-3.362964223830000154e+00
-4.239668840525000704e+00
-3.053276924369999978e+00
-3.873030061669999746e+00
-3.880480555860000180e+00
-2.631603650959999818e+00
-3.091478941304999672e+00
-4.094512077850000153e+00
-3.432382977065000063e+00
-3.799185939405000045e+00
-3.094220079999999928e+00
-2.902524190224999856e+00
-2.953808831444999949e+00
-2.020690963045999933e+00
-3.774470771404999869e+00
-3.297787379829999921e+00
-2.941006025050000083e+00
-2.310174084614999845e+00
-2.537258112459999992e+00
-3.674296170624999913e+00
-2.568132011674999937e+00
-3.036609646110000060e+00
-3.120412306885000042e+00
-3.438466144574999994e+00
-3.598078333700000186e+00
-2.829410557424999695e+00
-2.392916418440000026e+00
-2.459957189494999863e+00
-3.836203619930000031e+00
-2.623792040565000150e+00
-3.572070640139999753e+00
-3.240756542685000241e+00
-3.735937825339999740e+00
-3.061300565585000300e+00
-3.692117917850000097e+00
-2.918576706605000126e+00
-3.678137425585000120e+00
-3.408860008475000036e+00
-3.057693543670000125e+00
-3.036722845804999960e+00
-3.301690882960000017e+00
-4.343137789440000063e+00
-4.002422878894999592e+00
-3.458497119025000011e+00
-4.099786218624999812e+00
-3.099370871075000089e+00
-3.586827012065000098e+00
-3.592285567164999804e+00
-3.069649086874999711e+00
-2.654176532624999751e+00
-1.719893011713150122e+00
-3.261435827750000183e+00
-4.272815330254999822e+00
-2.515500394780000093e+00
-3.761853352465000189e+00
-4.271380680040000044e+00
-3.867652267059999982e+00
-3.880267339329999565e+00
-3.063320326249999948e+00
-3.454770293444999751e+00
-3.968556676550000439e+00
-3.579031510000000083e+00
-4.480830374035000396e+00
-2.459240007785000071e+00
-3.678583274410000215e+00
-2.758765733725000224e+00
-3.936426338975000050e+00
-3.324463273460000146e+00
-4.245521986229999989e+00
-2.492565679344999729e+00
-2.854618255400000137e+00
-3.865213382099999873e+00
-2.606759365190000288e+00
-3.977218569830000217e+00
-3.341908895370000021e+00
-3.638386523239999892e+00
-3.097783700664999973e+00
-2.389571592620000295e+00
-3.577080684090000240e+00
-3.589400684465000158e+00
-1.787697230902550061e+00
-1.764047876065049980e+00
-3.357102629765000401e+00
-4.092425238539999732e+00
-2.064369267871999813e+00
-2.697731656834999825e+00
-3.042705741505000283e+00
-2.474548134234999974e+00
-1.764047876065049980e+00
-3.723241607054999847e+00
-4.002394310965000201e+00
-3.588368018005000160e+00
-4.828390976285000136e+00
-3.271908204299999845e+00
-2.766387261600000258e+00
-4.178338386924999703e+00
-4.099798733080000090e+00
-3.660425502639999884e+00
-1.743672757144749896e+00
-3.388938510305000040e+00
-4.244791959400000536e+00
-1.916966082210999955e+00
-3.322672407784999837e+00
-4.728768642220000373e+00
-3.991168328449999692e+00
-3.638499160054999848e+00
-3.275988037080000304e+00
-4.211240388810000290e+00
-3.123837222400000169e+00
-3.787721222510000096e+00
-4.084877692744999678e+00
-4.404688433300000483e+00
-3.213643164480000092e+00
-3.894274353620000184e+00
-2.318451603195000210e+00
-4.075990272274999882e+00
-2.829939083460000226e+00
-3.284147226274999998e+00
-2.821024040480000217e+00
-3.487831287059999674e+00
-3.302710442785000033e+00
-4.317968054975000136e+00
-4.048875101360000173e+00
-3.744982174090000004e+00
-3.970483935459999891e+00
-3.655804370904999878e+00
-4.006124482009999710e+00
-3.071462910364999743e+00
-4.039433530854999788e+00
-2.402461457094999808e+00
-2.925381551690000137e+00
-2.218368296319999988e+00
-3.970051430774999890e+00
-3.507150572995000104e+00
-4.169376583070000031e+00
-3.438662497524999750e+00
-3.541372513525000265e+00
-3.392255150470000036e+00
-3.279152933315000240e+00
-3.637610973085000143e+00
-2.392072725759999852e+00
-2.861213780139999940e+00
-1.752577874829149840e+00
-4.015075671309999983e+00
-3.888654283384999744e+00
-3.497743200059999946e+00
-2.762193399940000127e+00
-3.324286143074999700e+00
-2.089041751286500048e+00
-2.927349231780000061e+00
-2.890130361045000207e+00
-2.649619583034999781e+00
-3.961996264595000206e+00
-3.566496818820000136e+00
-2.183005172980999831e+00
-3.491472783609999908e+00
-3.940625586629999511e+00
-2.398356039049999833e+00
-4.800154810225000013e+00
-3.641212981365000267e+00
-3.780687806645000038e+00
-3.401250452360000232e+00
-2.995991570040000163e+00
-3.010372309040000083e+00
-2.438401177799999875e+00
-3.340109809244999894e+00
-3.804780668709999869e+00
-3.792343687554999843e+00
-1.788849253185999855e+00
