-2.314893563585000091e+00
-2.199483353205000213e+00
-2.808293909375000119e+00
-3.213438231385000066e+00
-2.877453067264999831e+00
-2.739551657045000255e+00
-3.172772742044999816e+00
-3.268774027460000120e+00
-3.336243662474999816e+00
-2.848755774245000261e+00
-2.261345578374999832e+00
-2.585262381919999797e+00
-1.598548951658500084e+00
-3.507956024679999896e+00
-3.379148538014999925e+00
-2.666605788765000096e+00
-2.994107885744999642e+00
-2.518164424020000070e+00
-2.737059733869999789e+00
-2.362732852250000182e+00
-3.023975723049999953e+00
-2.450301764215000233e+00
-2.675609292249999882e+00
-4.253336181445000364e+00
-2.902846392569999878e+00
-3.104945289719999835e+00
-2.795970468270000175e+00
-3.455300246260000208e+00
-3.355564241280000193e+00
-2.876034702370000140e+00
-2.896677114560000099e+00
-3.646096239064999800e+00
-2.885007360650000408e+00
-3.789614603485000011e+00
-2.135813490309999896e+00
-3.891478790919999931e+00
-3.159038995920000037e+00
-2.660004403269999873e+00
-3.558154619469999780e+00
-1.873605690639999821e+00
-2.943590315014999792e+00
-2.761402916465000246e+00
-2.729706357550000018e+00
-1.782245023506500159e+00
-2.251037194949999876e+00
-1.426557719539850000e+00
-2.962884518365000108e+00
-2.690661900654999883e+00
-2.378965521730000088e+00
-2.812923620944999925e+00
-2.814618584739999818e+00
-3.448675590625000176e+00
-3.109470250780000278e+00
-3.196639799699999784e+00
-3.741380866560000129e+00
-3.003770496570000059e+00
-3.807345147214999947e+00
-3.363912547480000015e+00
-3.737285738659999801e+00
-3.357950822520000322e+00
-1.251887021459950011e+00
-2.077199976155000183e+00
-1.465346173813000030e+00
-2.087976629759999980e+00
-1.854728749827500023e+00
-2.755815589725000070e+00
-3.371984959625000222e+00
-1.456005008356000108e+00
-2.726219250055000209e+00
-3.757122377844999583e+00
-3.411216419325000082e+00
-3.287196372794999988e+00
-3.419421263554999868e+00
-3.091201118829999928e+00
-2.558128891329999988e+00
-3.104015156635000050e+00
-3.664458070199999806e+00
-2.202951910349999931e+00
-3.176929428480000261e+00
-2.368436134775000035e+00
-2.530592741880000052e+00
-2.519134023584999937e+00
-3.449244492964999687e+00
-3.691071112409999522e+00
-3.673347736170000211e+00
-2.882438971904999647e+00
-2.046128016124999949e+00
-4.553199748315000406e+00
-1.591190811650999848e+00
-2.106290188280000031e+00
-1.919460739844999875e+00
-1.475720372829500082e+00
-1.467183319459499868e+00
-1.666864528930499967e+00
-3.509915588820000210e+00
-1.943208484924999979e+00
-2.038142645524999796e+00
-3.590056090690000090e+00
-2.684179731419999992e+00
-3.214038736914999639e+00
-1.505300902049500067e+00
-1.685090469171000027e+00
-1.374179279056000125e+00
-1.351527005913899959e+00
-1.322652937330069056e+00
-1.690475860558000143e+00
-1.758228782612500041e+00
-2.201779978469999843e+00
-2.394302600359999644e+00
-3.384437527504999821e+00
-4.368708889449999688e+00
-2.710637146704999889e+00
-2.872255244399999796e+00
-2.528748764504999968e+00
-2.848458448040000146e+00
-4.014946619475000311e+00
-2.943282212159999744e+00
-3.256411248210000053e+00
-1.608195795492999958e+00
-2.623361335439999831e+00
-2.144171754749999881e+00
-1.750356942960499929e+00
-3.927478783685000252e+00
-3.244743920799999959e+00
-1.859675734779500100e+00
-3.001033420985000255e+00
-2.473253159655000033e+00
-1.466528467927999957e+00
-2.795414136785000281e+00
-3.669829842769999573e+00
-2.329522973635000049e+00
-3.178228639534999900e+00
-4.120597076530000180e+00
-3.441846020765000347e+00
-3.376708417939999762e+00
-3.807987413260000231e+00
-2.044584513759999833e+00
-3.164681687159999868e+00
-2.709806810189999915e+00
-2.697832685085000293e+00
-2.993229539865000177e+00
-2.465204957744999703e+00
-3.012387896055000347e+00
-3.160996742855000097e+00
-2.691180343555000132e+00
-3.274131330859999967e+00
-3.212578817939999887e+00
-3.490331190225000046e+00
-2.182877702529999908e+00
-2.928854606319999831e+00
-4.116629096749999661e+00
-2.532336614624999704e+00
-3.499185406840000123e+00
-2.659085260029999898e+00
-3.717545413729999915e+00
-4.355815609989999615e+00
-4.136041000559999681e+00
-3.967193476174999844e+00
-3.831123547719999856e+00
-4.284322339000000035e+00
-4.271818119429999783e+00
-3.106350370539999961e+00
-3.950646820614999832e+00
-3.683202404195000224e+00
-4.325621890424999449e+00
-3.592468997880000181e+00
-3.149543032259999986e+00
-3.401210997869999808e+00
-2.641225244310000164e+00
-2.876452630484999773e+00
-2.662149887210000010e+00
-3.367887768780000179e+00
-3.613818022694999854e+00
-2.717446459885000110e+00
-3.716493790844999978e+00
-3.754169237944999793e+00
-3.104428970109999852e+00
-2.298095690024000159e+00
-2.876341017690000168e+00
-2.604776298815000057e+00
-1.483268899100000038e+00
-3.820437692140000063e+00
-2.722022640145000061e+00
-2.258858700610000270e+00
-3.333888876930000134e+00
-3.452046291464999861e+00
-3.070812904214999861e+00
-2.588966994869999816e+00
-3.137556338665000055e+00
-4.222492068100000218e+00
-4.261397884924999602e+00
-3.073029713224999959e+00
-3.753068196230000098e+00
-3.151312829730000153e+00
-4.308258882899999698e+00
-2.628130272139999946e+00
-2.615462914834999708e+00
-1.386126625291568049e+00
-3.715884902200000006e+00
-3.650861717829999797e+00
-4.417119105964999903e+00
-3.898249964595000172e+00
-4.894847613945000120e+00
-2.143016069335000218e+00
-2.691650788525000060e+00
-2.921718124425000340e+00
-2.860641907609999812e+00
-4.098227848069999624e+00
-3.671890282755000179e+00
-1.492232322805499889e+00
-3.215982707010000219e+00
-3.686853682979999824e+00
-3.082596268699999698e+00
-3.989977198890000132e+00
-3.048387015929999944e+00
-3.059302118929999814e+00
-1.720014022152499988e+00
-2.063902771855000040e+00
-3.413807910165000070e+00
-2.425149746754999835e+00
-2.635501128735000087e+00
-4.001370045914999451e+00
-2.874013564004999743e+00
-1.331435281416299965e+00
-2.102280005769999960e+00
-2.297970774214999956e+00
-2.162163826305000036e+00
-2.474003574740000211e+00
-3.427118750115000001e+00
-3.675196176284999616e+00
-2.771774141919999934e+00
-2.939290348360000138e+00
-3.808661897224999926e+00
-3.912432569689999973e+00
-3.108793450670000347e+00
-3.113677483525000067e+00
-3.767883444659999803e+00
-3.173838127929999864e+00
-2.116811327175000201e+00
-3.660593666855000095e+00
-2.769677384930000041e+00
-2.954650138389999903e+00
-3.224234404455000202e+00
-3.646000261079999749e+00
-2.653527253680000086e+00
-3.687911398289999809e+00
-3.663824835889999854e+00
-3.026589071644999684e+00
-2.865492681074999659e+00
-3.545375497184999780e+00
-3.064243032809999878e+00
-2.327315297990000253e+00
-4.236703246204999829e+00
-3.037496871054999659e+00
-3.876495761315000177e+00
-4.471162333500000585e+00
-4.629209155599999903e+00
-3.500102893570000262e+00
-3.762323897534999517e+00
-4.034142096320000093e+00
-2.910532048534999916e+00
-3.556783778229999804e+00
-3.709344577079999983e+00
-3.938189079489999855e+00
-3.859611960270000086e+00
-3.291360971640000077e+00
-3.995511157104999711e+00
-2.049428159335000110e+00
-3.060803050055000085e+00
-3.559411815090000264e+00
-2.514399127584999949e+00
-3.013422272025000126e+00
-2.495369386964999769e+00
-2.376462466520000039e+00
-4.525192026504999632e+00
-4.702816533640000074e+00
-3.486296312684999954e+00
-2.934983620065000132e+00
-4.533712258299999576e+00
-4.211947306639999944e+00
-3.498479414094999740e+00
-3.530524172689999851e+00
-3.089816757649999968e+00
-3.437541355115000030e+00
-3.029545765705000004e+00
-4.448313084935000106e+00
-3.181750904014999826e+00
-3.699710775409999819e+00
-4.003119975935000241e+00
-4.159535169334999338e+00
-4.054932022694999638e+00
-3.240121492940000181e+00
-3.427671921044999959e+00
-3.827892814004999700e+00
-3.146642302685000114e+00
-2.966112651810000056e+00
-3.525051701835000273e+00
-4.349049603050000101e+00
-3.773883242820000206e+00
-3.443699139135000031e+00
-4.365012048905000164e+00
-3.475449348015000162e+00
-3.197364674900000203e+00
-3.656296735155000199e+00
-3.459426820874999642e+00
-3.643453868569999976e+00
-3.473140535605000245e+00
-4.053024117315000119e+00
-4.139840548755000071e+00
-4.120336907559999595e+00
-4.623287508029999771e+00
-3.256841884174999979e+00
-2.677121402455000077e+00
-3.829632146924999869e+00
-3.305588989794999932e+00
-3.397072332730000088e+00
-3.241098683110000156e+00
-3.035370203459999860e+00
-3.874980899340000118e+00
-2.799418445590000193e+00
-3.291865019584999885e+00
-3.797843446229999920e+00
-2.789278388369999639e+00
-2.962850303169999755e+00
-3.218273996785000257e+00
-3.230180904310000045e+00
-3.865580829039999777e+00
-2.776683510679999856e+00
-3.273390970349999929e+00
-2.612964623299999900e+00
-4.120449507154999580e+00
-3.742980159420000064e+00
-2.809265565110000029e+00
-2.840035054589999941e+00
-3.502721751410000195e+00
-3.676335480740000161e+00
-3.258509702695000065e+00
-3.046664584284999755e+00
-3.491446211515000009e+00
-3.393558564560000157e+00
-2.166937118974999965e+00
-4.449613206134999999e+00
-4.306098846324999840e+00
-3.536789028334999863e+00
-2.517794602299999962e+00
-3.226363532799999767e+00
-3.468633445410000071e+00
-3.240593974370000296e+00
-4.355462019474999558e+00
-2.747195944665000056e+00
-2.158358713450000188e+00
-3.870118180945000042e+00
-4.494787693955000663e+00
-3.041153939365000003e+00
-3.654528018765000219e+00
-3.083804989555000375e+00
-3.040912421669999866e+00
-2.634123994364999888e+00
-3.841901394595000241e+00
-2.396934485470000098e+00
-3.558862658409999824e+00
-1.856324818816000199e+00
-3.393253433709999989e+00
-2.997096846285000282e+00
-3.434655611834999789e+00
-2.927568358150000272e+00
-2.526707009819999961e+00
-3.428081380800000133e+00
-3.165282041060000218e+00
-3.745031731364999672e+00
-3.494955568269999979e+00
-3.213944673709999922e+00
-3.410985881465000258e+00
-3.291390279665000307e+00
-2.910719672955000004e+00
-3.571549384329999910e+00
-2.967087438714999692e+00
-2.998481261394999819e+00
-4.144644483549999592e+00
-3.541189579760000150e+00
-3.706604635364999734e+00
-2.966796053965000013e+00
-3.996750526875000098e+00
-3.600467345754999826e+00
-3.656080923465000243e+00
-3.534246822620000117e+00
-3.267135051244999921e+00
-1.466239773951500069e+00
-3.844854047210000125e+00
-2.718005705219999957e+00
-2.266643127030000038e+00
-4.579560249205000488e+00
-3.225070190104999845e+00
-2.402075097835000062e+00
-3.851377134875000330e+00
-2.716468303465000123e+00
-3.434268386434999876e+00
-2.796868839510000093e+00
-3.550746188009999749e+00
-3.905073483944999868e+00
-3.458843176979999878e+00
-2.963354209774999859e+00
-4.152876527905000614e+00
-2.327750295485000009e+00
-2.888535256439999976e+00
-3.704015494934999708e+00
-3.580948949489999755e+00
-3.029748568389999619e+00
-2.009124918174999941e+00
-2.504897786049999908e+00
-2.899419770235000193e+00
-2.722830481424999949e+00
-3.799702243235000054e+00
-4.056633489540000248e+00
-3.408407421509999757e+00
-2.734638284369999894e+00
-3.602162777784999825e+00
-3.426572518705000014e+00
-3.921814833335000028e+00
-2.632530074644999996e+00
-1.613125057253000039e+00
-3.786325602729999851e+00
-2.882355518509999825e+00
-1.859592254287000035e+00
-2.291064124355000065e+00
-2.614202287340000375e+00
-2.616637319125000083e+00
-3.031612387355000049e+00
-3.848903016204999972e+00
-3.912759003120000134e+00
-3.322326969925000206e+00
-3.038692271409999979e+00
-3.418281434979999922e+00
-1.648261798967500136e+00
-2.176819314323000132e+00
-3.688585190549999560e+00
-2.703405629639999752e+00
-2.049994073165000152e+00
-2.596253172644999996e+00
-3.178483559950000092e+00
-2.632709140250000246e+00
-1.980981122330000010e+00
-2.730274426374999841e+00
-2.569211680670000053e+00
-3.085751738674999967e+00
-2.056253688405000002e+00
-3.227918586250000388e+00
-3.373492954829999668e+00
-3.743272489519999802e+00
-3.302350826570000120e+00
-2.470474535940000216e+00
-3.286967471735000146e+00
-3.395854027959999577e+00
-2.051477021174999749e+00
-3.168232156924999821e+00
-2.561072135479999901e+00
-3.756245752545000371e+00
-3.218080682660000136e+00
-2.764299065969999969e+00
-2.947889534919999832e+00
-2.789650698860000055e+00
-2.620363267515000150e+00
-3.567902921199999966e+00
-2.811494258725000250e+00
-3.229266569800000042e+00
-4.330740758574999738e+00
-2.934972724440000125e+00
-2.478163045289999644e+00
-3.461956159770000152e+00
-1.957332957965000064e+00
-2.334575751900000107e+00
-3.251150889734999883e+00
-2.392222234180000129e+00
-2.635532006345000067e+00
-2.785798963074999968e+00
-2.170311654519999855e+00
-2.790819252144999929e+00
-3.278567197280000123e+00
-3.386244541830000010e+00
-3.411011318569999951e+00
-2.268787997999999639e+00
-3.625962187759999900e+00
-5.115456222780000672e+00
-3.320026502474999752e+00
-3.268415851524999916e+00
-4.008537405000000220e+00
-2.560346949329999955e+00
-3.396073293375000191e+00
-3.064697703744999835e+00
-4.244725431304999574e+00
-3.842265385210000161e+00
-4.601808669160000420e+00
-4.302455078350000406e+00
-3.351613489994999640e+00
-3.268689264734999878e+00
-2.343523186779999712e+00
-2.703014062190000288e+00
-3.781072527810000139e+00
-3.651360623099999980e+00
-3.781593599105000258e+00
-3.749300082590000027e+00
-2.230328666895000200e+00
-3.512432909570000206e+00
-3.312467211715000026e+00
-4.004231077274999606e+00
-3.725887638485000153e+00
-3.601159310635000388e+00
-2.306746855890000170e+00
-2.567550481050000055e+00
-2.470465917439999881e+00
-3.590619651285000380e+00
-1.908169320994999918e+00
-1.465853037915000101e+00
-3.306095999990000145e+00
-4.027623450924999737e+00
-4.281680015544999662e+00
-4.230989117954999656e+00
-4.228970068589999798e+00
-2.805565522544999801e+00
-3.090431029664999940e+00
-3.450067863210000141e+00
-3.603317589475000027e+00
-3.757667242950000208e+00
-2.926718220675000204e+00
-2.950647777014999917e+00
-3.860838190235000411e+00
-4.620169286844999945e+00
-2.773011123115000309e+00
-2.745356216839999863e+00
-3.588310051325000138e+00
-4.155483503260000155e+00
-2.385744303100000074e+00
-2.396067599304999796e+00
-2.215943499084999768e+00
-1.612540453939000029e+00
-2.737350699469999871e+00
-2.194037383715000011e+00
-1.862476934430000064e+00
-2.121341553349999742e+00
-3.195652079104999821e+00
-2.197642020745000035e+00
-1.451432886664950184e+00
-2.135480688509999947e+00
-2.210535557101500181e+00
-1.449207418676000003e+00
-2.516238328900000099e+00
-1.522542620790000134e+00
-2.497477211985000167e+00
-3.094830344380000042e+00
-2.778483345799999782e+00
-3.014003533829999970e+00
-3.528221831619999804e+00
-3.822220279019999722e+00
-3.052786622360000202e+00
-4.140131732909999585e+00
-4.113268695985000001e+00
-3.603277717620000153e+00
-4.075078150999999593e+00
-3.175860470669999991e+00
-5.001337795389999563e+00
-2.548441468800000109e+00
-4.630313092485000226e+00
-3.306240617370000301e+00
-3.866962413905000062e+00
-3.514997090349999631e+00
-3.005965458414999958e+00
-3.017403207735000148e+00
-3.330119441549999948e+00
-3.461788586469999984e+00
-3.551601521264999839e+00
-3.205880986920000009e+00
-2.850484051450000056e+00
-3.871612288179999695e+00
-1.665354108165500113e+00
-3.241188002074999908e+00
-3.915065804365000179e+00
-1.886806561828999973e+00
-2.093946835460000155e+00
-3.254345894390000105e+00
-2.712455022359999912e+00
-2.955568782669999894e+00
-1.583214379404999983e+00
-2.699709386584999926e+00
-2.368201262464999957e+00
-3.377795822084999955e+00
-2.716520300960000078e+00
-2.980674003035000297e+00
-3.588214427400000073e+00
-3.300668693889999616e+00
-2.851152319685000158e+00
-3.089654894680000208e+00
-2.948414245369999964e+00
-3.440668738294999862e+00
-3.097882216384999943e+00
-2.224538372235000061e+00
-2.445330619059999933e+00
-3.104463830394999846e+00
-3.636736297545000163e+00
-2.077787136064999984e+00
-4.296833165420000711e+00
-2.899027626415000114e+00
-3.178361424640000266e+00
-3.286644724179999866e+00
-2.579070441329999852e+00
-3.991834683110000448e+00
-4.160173975294999771e+00
-3.125338939569999752e+00
-3.976860126290000075e+00
-3.135327577635000029e+00
-3.274354313284999929e+00
-3.763503981624999994e+00
-3.765580343245000350e+00
-3.394073676735000156e+00
-4.144533835689999890e+00
-3.790884201934999531e+00
-3.973992812195000113e+00
-3.498664328924999900e+00
-2.948563949404999995e+00
-1.514088656525000021e+00
-3.273503933129999766e+00
-3.960174337905000286e+00
-3.298571251730000320e+00
-3.642798793779999933e+00
-3.286873582854999754e+00
-3.070604101165000266e+00
-3.017773420470000190e+00
-3.977256918375000172e+00
-3.462980964740000278e+00
-3.477004472920000033e+00
-3.921437171324999582e+00
-3.335485114935000439e+00
-3.850918082265000209e+00
-4.074819333239999786e+00
-2.984848445845000420e+00
-2.672052246839999867e+00
-2.661449955474999740e+00
-3.573727751409999875e+00
-2.940156195460000177e+00
-3.198387134424999889e+00
-2.664133197489999993e+00
-3.275232416619999753e+00
-2.711479768180000249e+00
-3.209427180255000067e+00
-3.145519777305000098e+00
-3.352185406080000263e+00
-3.522435553829999844e+00
-3.372941373190000203e+00
-2.386449180259999636e+00
-2.973077133289999896e+00
-3.344543286935000026e+00
-2.028400764365000164e+00
-2.512000947595000255e+00
-3.293404353110000127e+00
-2.966379024550000132e+00
-2.537566781675000271e+00
-3.244536478155000125e+00
-2.986772703155000208e+00
-3.542113720615000183e+00
-3.673202282700000154e+00
-2.762288600609999811e+00
-3.145027279259999808e+00
-3.581322965510000067e+00
-2.633372447780000236e+00
-3.683776862324999790e+00
-2.988612749730000129e+00
-2.234020876215000229e+00
-3.166272389565000012e+00
-2.384643014649999948e+00
-3.108164706820000234e+00
-3.908522283985000456e+00
-3.521166571890000263e+00
-2.522223228959999730e+00
-3.299852269879999689e+00
-3.652092095079999989e+00
-2.651908532180000222e+00
-4.089342506364999963e+00
-3.047768278539999987e+00
-2.683774814199999970e+00
-2.677694040785000062e+00
-3.107766094285000058e+00
-2.568078718989999842e+00
-3.513147365954999657e+00
-1.545718035598499851e+00
-3.644926534105000115e+00
-4.678217695240000751e+00
-2.459592899685000056e+00
-3.730669740604999784e+00
-2.232955286170000164e+00
-3.361578813780000008e+00
-2.443694524310000116e+00
-2.164726821534999956e+00
-4.264818681885000018e+00
-1.816818419564000031e+00
-3.456956708884999951e+00
-3.457056124654999785e+00
-4.106749238024999471e+00
-3.923571256835000298e+00
-3.654431685730000101e+00
-1.943940184165000140e+00
-2.731380258875000244e+00
-2.803893554130000076e+00
-2.483075838079999986e+00
-3.171723195650000271e+00
-2.500076135355000062e+00
-2.814938957565000344e+00
-2.071278729759999937e+00
-4.244122987475000386e+00
-2.959085928965000001e+00
-3.193710487095000161e+00
-2.634159695024999692e+00
-3.291293609554999833e+00
-2.265675570475000011e+00
-2.489741482349999924e+00
-1.502414579474500078e+00
-3.222915677025000036e+00
-2.408194237835000084e+00
-2.723398704020000061e+00
-4.499493745125000110e+00
-3.361778386550000164e+00
-2.659890383265000047e+00
-2.005364769639999878e+00
-1.708039038305499968e+00
-3.464215623929999932e+00
-1.603061050304499968e+00
-2.492224635394999943e+00
-2.684988584170000081e+00
-3.348716106469999954e+00
-3.229957076065000265e+00
-3.708347696709999752e+00
-1.906849358394999916e+00
-1.975918977035000079e+00
-3.238526097234999845e+00
-2.685648209550000054e+00
-3.621410938269999935e+00
-3.260231614924999910e+00
-3.532110374209999737e+00
-3.569360538929999827e+00
-3.069838069210000242e+00
-4.224587920820000342e+00
-3.341901317395000071e+00
-3.154153645485000101e+00
-3.013473473809999970e+00
-2.773462792024999679e+00
-3.275827294660000000e+00
-2.613165345295000108e+00
-3.194743659969999872e+00
-2.798996013050000009e+00
-1.962438665185000097e+00
-2.715476106505000153e+00
-3.516819344099999967e+00
-2.080196201115000143e+00
-2.159538844195000085e+00
-2.611874708194999783e+00
-1.865274904985500193e+00
-1.977999399480000031e+00
-3.408695721825000025e+00
-3.434731939299999759e+00
-4.146898550360000435e+00
-3.042898016415000129e+00
-3.269599119325000025e+00
-3.235425096470000206e+00
-2.502493786239999629e+00
-2.030395582255000164e+00
-3.669318196015000311e+00
-3.405038734899999753e+00
-3.624439482450000138e+00
-2.668541863179999751e+00
-3.871558033344999927e+00
-3.324397182594999833e+00
-3.546294241450000051e+00
-4.037444443160000063e+00
-3.789869751169999912e+00
-3.438526758460000110e+00
-3.868553885249999880e+00
-2.382330413670000091e+00
-2.758428081169999935e+00
-2.435856275339999932e+00
-3.296184893740000010e+00
-3.861712342075000137e+00
-3.848724812930000017e+00
-3.078867425120000334e+00
-3.502216760265000062e+00
-4.178772538195000052e+00
-4.797628796305000165e+00
-3.372229411294999757e+00
-3.386676475139999809e+00
-3.735784048244999767e+00
-3.145580581309999957e+00
-2.747813236015000271e+00
-2.739524024089999621e+00
-2.988349582495000156e+00
-3.250213651140000160e+00
-3.514198002705000157e+00
-3.310845392875000126e+00
-4.276331368784999754e+00
-3.844157357949999909e+00
-3.242496825519999959e+00
-3.290871337939999641e+00
-3.070049056539999821e+00
-3.794883552149999950e+00
-2.977793001830000286e+00
-3.744202624764999765e+00
-1.789935876047999974e+00
-2.665977748270000003e+00
-3.800850846854999965e+00
-3.480314492674999816e+00
-2.553991086174999925e+00
-1.365976426576750002e+00
-2.787888411870000027e+00
-2.814985249804999867e+00
-3.999798147115000369e+00
-3.195729869055000005e+00
-3.796155647795000032e+00
-3.236335515254999962e+00
-2.840859374564999928e+00
-2.818123646474999688e+00
-3.066441698529999815e+00
-4.008587779724999578e+00
-3.935165423945000018e+00
-2.943763287254999916e+00
-3.795918379989999814e+00
-4.281740500809999794e+00
-3.578490344910000065e+00
-3.351016529189999815e+00
-4.135345741730000135e+00
-2.997246036189999963e+00
-3.959197991849999987e+00
-4.419846969289999983e+00
-3.658176555644999883e+00
-3.859706420984999831e+00
-3.616891093505000043e+00
-2.420810957439999633e+00
-3.226447132229999681e+00
-4.085793958350000032e+00
-2.927110024295000112e+00
-3.207564801034999746e+00
-4.160617424045000234e+00
-3.908339037385000214e+00
-2.493508169530000096e+00
-2.807285465655000145e+00
-2.669073907010000024e+00
-2.452309499195000075e+00
-2.482243886380000042e+00
-3.034465441495000082e+00
-2.761966417765000070e+00
-3.692049275905000094e+00
-3.005248885684999927e+00
-3.636468993784999881e+00
-3.466568263344999679e+00
-4.307633007485000221e+00
-3.738288983614999950e+00
-3.425466335924999939e+00
-3.682962133140000205e+00
-3.973368497490000095e+00
-2.887343502730000289e+00
-3.305838078745000352e+00
-3.085624028155000254e+00
-3.672596952135000148e+00
-4.185361053890000349e+00
-2.107818653834999889e+00
-2.847712403125000069e+00
-2.462062955344999970e+00
-3.073308662155000093e+00
-2.630422257434999800e+00
-3.889793746915000128e+00
-2.427657529864999830e+00
-3.021217744350000345e+00
-2.950488087560000139e+00
-2.621851739840000306e+00
-2.973228983954999904e+00
-4.078702884410000173e+00
-2.516611091179999704e+00
-2.489148534174999927e+00
-3.451318671710000174e+00
-3.821325048890000353e+00
-3.739415765320000418e+00
-1.667281483071999970e+00
-3.722218650119999861e+00
-4.051939413570000426e+00
-2.966615579660000002e+00
-3.727053476565000079e+00
-3.903672395570000120e+00
-3.158398293224999875e+00
-4.070078170434999976e+00
-4.197498723509999863e+00
-3.783278890004999617e+00
-2.901215828279999798e+00
-3.075419465975000044e+00
-3.850849067590000008e+00
-3.470417186385000186e+00
-3.800859337674999949e+00
-2.869257990390000401e+00
-2.880560565585000177e+00
-3.682672232215000285e+00
-2.882160680960000221e+00
-3.668893169094999962e+00
-3.103104709080000134e+00
-3.213399915244999683e+00
-3.028820425920000226e+00
-3.280746351994999976e+00
-3.005447556795000086e+00
-3.158206335094999595e+00
-3.313518593094999964e+00
-2.669761114714999994e+00
-3.578595207784999843e+00
-2.662421589515000075e+00
-3.234585605344999948e+00
-3.243000302920000077e+00
-2.590354087150000151e+00
-3.849956533060000297e+00
-2.161452441684999837e+00
-2.761827049445000348e+00
-1.342211098434791472e+00
-2.728064221344999929e+00
-3.302179540434999616e+00
-2.839838541739999833e+00
-2.853063615544999987e+00
-3.393636837779999915e+00
-1.615426836464999960e+00
-3.297688023030000082e+00
-2.597006736665000037e+00
-3.740530059264999707e+00
-4.215699889149999713e+00
-3.307114085240000279e+00
-4.069247919869999564e+00
-2.848108889459999737e+00
-3.352407103165000013e+00
-3.692740697565000119e+00
-4.372831074475000079e+00
-4.328901683429999814e+00
-3.234013995385000229e+00
-3.975414638720000227e+00
-3.616197461370000088e+00
-3.418426994784999895e+00
-3.259485074215000111e+00
-2.281642207265000000e+00
-3.220406407680000083e+00
-2.434038992040000071e+00
-3.875075998594999849e+00
-3.685615550180000088e+00
-3.599616956014999758e+00
-3.131628698410000133e+00
-3.773475082130000047e+00
-3.634261119749999658e+00
-3.372126950420000213e+00
-3.054098684845000022e+00
-3.559674102344999813e+00
-4.388306270934999809e+00
-3.109587020210000219e+00
-3.446826478950000272e+00
-3.415306375340000145e+00
-4.114622043649999839e+00
-4.311079016395000352e+00
-3.546162600610000215e+00
-4.331568355815000437e+00
-2.999289173030000200e+00
-2.671910623545000085e+00
-3.508173437930000027e+00
-3.409857686700000112e+00
-3.002557458004999624e+00
-2.904475045729999927e+00
-3.932669366329999860e+00
-4.312708181625000137e+00
-3.506097095610000380e+00
-3.252929052419999856e+00
-4.819647753005000368e+00
-3.188580407769999958e+00
-3.030665706169999751e+00
-3.606143761964999861e+00
-3.653980112739999786e+00
-4.362836742485000308e+00
-1.994872831294999926e+00
-3.693893756580000076e+00
-4.321455106285000625e+00
-3.712634180240000248e+00
-3.996095072274999715e+00
-3.388885308619999925e+00
-4.121277598079999827e+00
-3.032108610049999875e+00
-3.712748370509999951e+00
-4.646914242134999817e+00
-2.973566039459999644e+00
-2.699846825454999877e+00
-2.985779517244999681e+00
-3.252168680039999593e+00
-2.620792330679999615e+00
-2.681818177374999834e+00
-3.487165121384999900e+00
-3.742808312094999756e+00
-2.748221133444999964e+00
-3.158258038210000063e+00
-4.346765396270000359e+00
-2.954296513490000109e+00
-3.772082108270000234e+00
-2.342942245825000214e+00
-2.617294657054999973e+00
-2.955737319295000276e+00
-2.117328776494999953e+00
-2.554556384880000142e+00
-2.778266665184999873e+00
-1.902537179709999915e+00
-2.431401476705000064e+00
-2.423275412299999765e+00
-1.871029544365000241e+00
-3.279281677444999765e+00
-2.580823149580000031e+00
-2.949121979230000079e+00
-3.782166823839999914e+00
-3.672882254824999748e+00
-1.520860069562500083e+00
-3.111358220385000095e+00
-3.191445670764999853e+00
-3.222816967695000034e+00
-3.788123242914999800e+00
-3.466508816310000185e+00
-3.259923258985000238e+00
-3.841863488290000461e+00
-3.460907722389999996e+00
-3.209744519200000035e+00
-3.397086414854999958e+00
-3.330682845574999718e+00
-3.756510707230000357e+00
-2.706032281250000171e+00
-2.657638074464999889e+00
-3.107650333055000047e+00
-2.838588993120000126e+00
-3.571919288790000202e+00
-3.776875179914999769e+00
-2.854573271529999623e+00
-3.769445462470000230e+00
-2.657138614414999989e+00
-3.252438830690000060e+00
-2.670584209844999890e+00
-3.025738129769999674e+00
-3.235187900235000136e+00
-2.342862469630000000e+00
-2.467369879355000073e+00
-2.485899377374999997e+00
-2.804371786934999999e+00
-3.665864312584999674e+00
-3.195578760850000144e+00
-3.285637991819999826e+00
-2.624926005179999855e+00
-3.412794915450000133e+00
-3.221048043749999756e+00
-3.450060345660000305e+00
-3.974762815294999641e+00
-4.727167212654999950e+00
-3.409847136069999785e+00
-3.081253658835000131e+00
-3.011705572509999929e+00
-3.369879449419999951e+00
-3.506737610015000062e+00
-3.855325419895000216e+00
-2.517553905855000274e+00
-3.282548667654999974e+00
-2.923598175540000010e+00
-2.761794606059999602e+00
-3.002097962770000183e+00
-2.810422894379999814e+00
-1.967151424519999914e+00
-3.684997457995000225e+00
-3.128970027280000288e+00
-1.793072375311499878e+00
-3.090500663664999870e+00
-1.790223476573499894e+00
-2.673856967295000331e+00
-3.059238269955000256e+00
-3.154461128714999951e+00
-3.571685836734999953e+00
-3.455862300539999765e+00
-4.279360897580000156e+00
-3.012316525300000158e+00
-2.352234118065000157e+00
-2.385321981420000181e+00
-3.251205680795000053e+00
-3.615225569159999708e+00
-3.629191336224999898e+00
-3.473724530640000197e+00
-3.229547445115000137e+00
-3.305096035020000045e+00
-3.143738471575000304e+00
-3.755675908095000182e+00
-2.829729810724999961e+00
-4.156754717400000132e+00
-2.526936534639999898e+00
-2.675281569740000087e+00
-2.825845244879999996e+00
-2.983837140799999954e+00
-3.379642066299999748e+00
-3.534133167710000301e+00
-3.637994678344999677e+00
-1.906541456143999946e+00
-3.260137474385000012e+00
-3.196804756835000205e+00
-3.253001245430000132e+00
-3.358624749535000120e+00
-3.608924142274999802e+00
-3.535996903234999600e+00
-3.365854214989999704e+00
-2.449162020864999789e+00
-2.802988956880000160e+00
-2.589136106249999791e+00
-3.089410964599999865e+00
-2.214986883484999947e+00
-2.673843292874999999e+00
-2.571189921619999819e+00
-2.914250776084999828e+00
-3.069085246290000235e+00
-3.398685212705000236e+00
-3.561080935635000166e+00
-3.477472311915000169e+00
-3.685276873850000356e+00
-3.859664931800000254e+00
-2.903014221314999865e+00
-1.810089773863500007e+00
-3.901814972184999952e+00
-3.530183963169999828e+00
-3.146576117049999954e+00
-2.624704647965000248e+00
-3.505459990544999904e+00
-3.879643279960000246e+00
-3.826152356485000183e+00
-2.596644311945000005e+00
-4.160547769655000394e+00
-3.138579244219999786e+00
-3.759963101954999942e+00
-2.994700791435000120e+00
-2.882511600419999986e+00
-2.812260200999999959e+00
-2.705747090410000055e+00
-3.915308933134999947e+00
-3.897738808755000228e+00
-3.502698466375000486e+00
-3.145682683750000042e+00
-4.110891873394999507e+00
-4.383238900860000342e+00
-4.041247075230000263e+00
-3.330526905840000218e+00
-3.500158004544999812e+00
-3.495855151399999805e+00
-4.186585130234999674e+00
-3.743715882760000113e+00
-3.237441262915000006e+00
-3.296078869755000085e+00
-3.034581595525000175e+00
-2.637849302520000272e+00
-3.139955568640000028e+00
-4.038446465385000295e+00
-3.620158032069999976e+00
-3.628131449240000084e+00
-3.430226711235000003e+00
-3.212901067439999814e+00
-2.932944518010000223e+00
-3.782951971310000161e+00
-3.617475102280000243e+00
-3.758257109699999710e+00
-3.308005393850000253e+00
-3.159565601575000215e+00
-3.679985729990000287e+00
-4.484171937835000676e+00
-3.999672753629999633e+00
-3.781411733874999737e+00
-3.757964744899999765e+00
-2.054236333730000030e+00
-3.664282046729999909e+00
-4.052987695679999725e+00
-3.953594514614999778e+00
-3.834297781160000085e+00
-2.956014195335000316e+00
-3.273688579279999900e+00
-3.261446086169999869e+00
-4.204845553370000211e+00
-3.090414377510000143e+00
-4.142853134974999740e+00
-3.590997608039999900e+00
-3.843492095564999822e+00
-2.879292324495000166e+00
-4.409650135369999724e+00
-3.766892185220000133e+00
-2.998974589124999923e+00
-4.152145212989999834e+00
-2.688416614574999919e+00
-4.667949662769999897e+00
-3.971052874195000193e+00
-4.228307501019999748e+00
-3.671959731714999897e+00
-3.894204074770000190e+00
-4.127076751599999760e+00
-3.131045281669999625e+00
-4.106085852245000112e+00
-3.848628753754999909e+00
-3.992711609439999698e+00
-3.990564566610000252e+00
-3.331046500784999864e+00
-3.876010791309999703e+00
-3.830825963555000158e+00
-3.750014349659999802e+00
-1.574877274871000044e+00
-4.268579392110000370e+00
-3.689765398400000063e+00
-3.918968626909999919e+00
-3.936337231995000074e+00
-2.660287483430000322e+00
-2.800589307680000140e+00
-3.884287721469999788e+00
-3.060624936960000042e+00
-2.851505710395000115e+00
-4.041986890519999598e+00
-2.632168681775000074e+00
-2.236316178325000070e+00
-3.298405334329999938e+00
-2.428746414819999977e+00
-1.789317004032499936e+00
-2.510650523915000321e+00
-3.972324266444999807e+00
-2.827373190679999926e+00
-3.304635804850000191e+00
-3.711624852459999957e+00
-2.925079166315000201e+00
-3.056689969185000244e+00
-3.381650614489999818e+00
-3.137420179350000282e+00
-2.306665522259999879e+00
-3.565959105100000137e+00
-2.891298548129999979e+00
-3.487721829874999901e+00
-3.471254969159999870e+00
-3.437456441300000165e+00
-3.690910385905000091e+00
-3.306385038584999769e+00
-3.723424823344999801e+00
-2.991905441230000129e+00
-2.216660268090000052e+00
-2.852567403234999688e+00
-3.456810525049999860e+00
-2.828882450160000062e+00
-2.232648351164999934e+00
-2.230796397345000237e+00
-3.420488888710000008e+00
-2.876986872099999815e+00
-4.149982050994999838e+00
-3.223365119849999960e+00
-3.855562908890000084e+00
-3.338950645400000194e+00
-2.212775308424999920e+00
-3.487920707565000278e+00
-2.380388585705000004e+00
-2.667342491174999886e+00
-4.284309254894999697e+00
-2.412467147820000157e+00
-4.158764377085000241e+00
-3.838193512050000145e+00
-4.136409014439999865e+00
-3.443331351219999892e+00
-3.669926309665000108e+00
-4.423792974879999562e+00
-3.553791404530000086e+00
-3.617995946789999806e+00
-3.646598645060000088e+00
-3.718731132520000315e+00
-3.331673248485000016e+00
-2.955663144459999891e+00
-3.776717806355000207e+00
-3.771389716529999880e+00
-3.948616245979999828e+00
-3.845995870470000355e+00
-3.830892930410000119e+00
-4.100077209744999784e+00
-3.926453477504999512e+00
-2.453581323119999880e+00
-2.140288633244999961e+00
-2.371024972409999876e+00
-1.915023545474999978e+00
-3.168583834235000118e+00
-2.647646471179999850e+00
-2.321000387865000292e+00
-2.323297312064999787e+00
-2.126036474824999800e+00
-3.035662458540000053e+00
-1.907157638769999997e+00
-2.680968056750000272e+00
-3.531273191914999998e+00
-2.976647187654999804e+00
-4.993813056720000532e+00
-4.145085959824999833e+00
-3.281937752864999780e+00
-3.871926417790000130e+00
-4.066187413389999783e+00
-2.302570580124999822e+00
-3.126769576970000131e+00
-3.470971287274999817e+00
-3.490588168494999977e+00
-3.732674798399999716e+00
-3.465871927459999835e+00
-3.355164285049999862e+00
-2.806062602029999908e+00
-2.227532592040000203e+00
-2.596458788645000126e+00
-3.040505829485000255e+00
-3.394769720384999800e+00
-3.027472893865000181e+00
-3.620002066744999691e+00
-3.447264803009999934e+00
-3.686973715869999779e+00
-3.208821252329999929e+00
-3.097273883445000209e+00
-3.225826368384999920e+00
-3.636563818255000413e+00
-3.453744741469999990e+00
-3.413104370154999678e+00
-3.350024136115000051e+00
-1.755831939937499975e+00
-2.649996447869999994e+00
-2.124907229565000222e+00
-2.622957091994999601e+00
-2.052573762685000247e+00
-3.362121821344999706e+00
-4.174987860415000362e+00
-2.284876572359999969e+00
-3.056288285115000392e+00
-3.107080857285000164e+00
-2.468361912749999831e+00
-2.812169660114999914e+00
-2.558416366100000339e+00
-3.486267389655000049e+00
-3.657226795225000160e+00
-4.840769784759999972e+00
-4.053678657365000326e+00
-3.858429780515000296e+00
-3.391727639485000001e+00
-3.772427178510000090e+00
-3.614886887734999554e+00
-3.457870738525000043e+00
-3.540921741075000462e+00
-3.689665860559999899e+00
-3.553085130299999950e+00
-3.961369816740000438e+00
-4.260221892765000185e+00
-3.289271121305000101e+00
-3.036344098215000287e+00
-2.396203977279999897e+00
-3.060159718284999997e+00
-3.474059188705000079e+00
-1.510878035953999943e+00
-2.649131484545000248e+00
-3.562157464009999774e+00
-2.661958198849999846e+00
-2.278385596425000159e+00
-3.541067718285000332e+00
-2.855393368260000120e+00
-3.783333224119999727e+00
-3.563272690789999864e+00
-2.911331789614999721e+00
-2.935510408814999916e+00
-1.912205493194999883e+00
-1.971071713625000221e+00
-4.525598834694999795e+00
-3.822749239294999768e+00
-3.771589955835000119e+00
-4.013313680635000047e+00
-3.356691018144999816e+00
-3.775837238684999875e+00
-3.443400498175000379e+00
-4.287907557089999599e+00
-3.845322987969999939e+00
-3.528098952384999709e+00
-3.683276890530000180e+00
-4.408774795700000304e+00
-4.152139709514999666e+00
-2.811104438680000150e+00
-3.748256316624999585e+00
-2.212576437085000070e+00
-3.331156300309999985e+00
-2.930452232870000007e+00
-2.931976775744999930e+00
-3.715677119059999978e+00
-3.416642203959999957e+00
-3.642242054180000022e+00
-3.502387365259999719e+00
-3.823097846580000070e+00
-3.197857125370000109e+00
-3.552267551404999502e+00
-4.062248252109999846e+00
-2.733228660810000044e+00
-2.859918302215000097e+00
-2.684682847639999981e+00
-3.681549540629999839e+00
-4.152452482644999776e+00
-3.548168731255000097e+00
-3.163065112269999979e+00
-3.531054842215000100e+00
-3.877126005540000087e+00
-3.379532314365000012e+00
-2.979476877355000219e+00
-3.002361878169999887e+00
-3.398655545370000031e+00
-3.415062856465000074e+00
-3.437263673084999915e+00
-3.841718414645000301e+00
-3.588886138854999963e+00
-3.470216644030000186e+00
-4.295383167155000237e+00
-3.204830741774999936e+00
-4.225680250089999923e+00
-4.446728383880000024e+00
-4.351486642740000299e+00
-4.418201551530000160e+00
-4.360795977939999624e+00
-4.527167880324999949e+00
-4.108138598130000041e+00
-2.890640556134999706e+00
-3.359019424880000049e+00
-1.961382829910000236e+00
-3.476618973895000408e+00
-3.525012968309999994e+00
-3.762331435350000142e+00
-3.569504032614999822e+00
-4.169539448740000154e+00
-2.544412575885000027e+00
-3.619240368550000309e+00
-2.246879259364999992e+00
-2.998802278124999887e+00
-3.500591312165000080e+00
-4.228309275675000478e+00
-3.269730086124999602e+00
-4.715405795559999724e+00
-4.685654318275000563e+00
-4.476154941635000384e+00
-2.753895921569999850e+00
-4.356127327184999842e+00
-4.542415558060000080e+00
-3.699602772024999986e+00
-4.030560525624999890e+00
-3.710667969454999771e+00
-3.686348389549999993e+00
-4.346083075594999734e+00
-4.047513970495000279e+00
-3.304075614569999875e+00
-2.642814432559999815e+00
-2.331713950704999760e+00
-2.794785156309999685e+00
-1.464255567518499834e+00
-3.390740808919999960e+00
-4.034828657660000317e+00
-2.647602003829999884e+00
-2.983963525960000140e+00
-4.248241528440000359e+00
-3.825482170139999916e+00
-3.348704003995000011e+00
-4.346331338519999754e+00
-3.927937982720000054e+00
-3.602617177579999996e+00
-2.670625210039999864e+00
-2.667774312009999704e+00
-4.210962160030000234e+00
-3.658551920105000299e+00
-4.122514484739999929e+00
-3.747365958275000075e+00
-2.982879388729999803e+00
-3.014387627515000112e+00
-3.676038271484999953e+00
-3.634018929774999851e+00
-4.071425967379999733e+00
-2.855123656514999997e+00
-3.619652035769999721e+00
-3.401638431090000303e+00
-3.559272303344999777e+00
-3.076114113975000119e+00
-3.269938221984999949e+00
-3.028922489280000185e+00
-4.109082490609999638e+00
-3.892510819174999970e+00
-2.782008489804999929e+00
-2.131504857814999987e+00
-1.681728754571500062e+00
-3.239243697245000053e+00
-4.369383543489999688e+00
-2.908981136234999987e+00
-2.364985206105000071e+00
-2.786587289444999893e+00
-3.896275017255000250e+00
-3.606790233439999938e+00
-3.751074369320000379e+00
-3.494654124044999755e+00
-3.122672067839999954e+00
-2.671244169119999956e+00
-4.475768283165000305e+00
-3.717822281394999706e+00
-3.885425006420000216e+00
-3.797457279005000075e+00
-3.399222538120000081e+00
-3.773552330059999793e+00
-3.954834334925000139e+00
-3.101613488534999963e+00
-3.974001130215000011e+00
-2.292386062804999902e+00
-3.912872297395000309e+00
-3.224803282219999900e+00
-3.339279178134999970e+00
-2.624452109524999965e+00
-2.885763807894999644e+00
-3.507648548755000206e+00
-3.587644637270000381e+00
-3.647853152040000158e+00
-2.418759450020000035e+00
-3.521311769930000057e+00
-4.054849864544999960e+00
-3.662849383260000202e+00
-2.692141934744999965e+00
-2.789833982014999769e+00
-2.592226367139999876e+00
-2.982005965669999981e+00
-3.603708149140000039e+00
-2.639611063450000294e+00
-3.581852224920000438e+00
-2.678579145175000065e+00
-3.182293457615000154e+00
-2.194708127684999788e+00
-4.132381725040000120e+00
-4.606088955865000223e+00
-3.831308349870000463e+00
-4.059914855295000180e+00
-3.664405479165000035e+00
-3.679707285845000175e+00
-2.407310788790000267e+00
-3.025744535140000302e+00
-2.760225986445000057e+00
-2.709534976460000077e+00
-3.325858106235000111e+00
-2.421754776200000236e+00
-3.780864559464999886e+00
-2.776920548689999713e+00
-3.750369985569999898e+00
-4.017839607650000033e+00
-2.653645701954999936e+00
-1.957286911679999797e+00
-1.464376252916500087e+00
-2.216153807425000011e+00
-2.132092101870000089e+00
-2.038444949020000063e+00
-1.441071422552999914e+00
-1.837730840094000007e+00
-2.895613741580000067e+00
-4.028837684490000015e+00
-4.166241800069999890e+00
-3.865657088345000325e+00
-4.123980193610000455e+00
-3.778076501594999748e+00
-3.772306927639999863e+00
-2.687519065650000094e+00
-3.378251527235000218e+00
-3.586900034334999710e+00
-3.194494888134999933e+00
-3.884383182349999686e+00
-3.517925192659999922e+00
-3.541059623644999821e+00
-4.621976158764999454e+00
-2.447461402360000093e+00
-3.822658273124999617e+00
-2.981678722319999864e+00
-2.922111854389999763e+00
-2.935466434529999891e+00
-3.335081759304999949e+00
-1.964950265849999766e+00
-1.930822500060000113e+00
-3.985016691005000222e+00
-3.903718796105000166e+00
-4.195693183234999957e+00
-2.601178653354999870e+00
-4.875785357939999898e+00
-3.966977503279999873e+00
-3.269270093014999823e+00
-3.853896143984999689e+00
-3.790028235260000322e+00
-2.561673598400000085e+00
-3.931941489280000201e+00
-3.733751259009999934e+00
-4.369608999865000065e+00
-3.693043255665000135e+00
-3.648786018404999609e+00
-3.401657428850000109e+00
-3.083101008165000323e+00
-3.644499263924999788e+00
-3.809271016824999911e+00
-3.666535901295000066e+00
-2.172475594824999856e+00
-2.882371594590000363e+00
-4.308336412000000060e+00
-3.550745039195000174e+00
-3.595992565885000047e+00
-3.676509126984999654e+00
-3.185271202710000082e+00
-4.002087848840000461e+00
-4.868797539624999615e+00
-4.136586104465000524e+00
-3.131757499044999893e+00
-3.431785533930000298e+00
-2.721623913899999803e+00
-2.754597659375000340e+00
-3.384323419844999847e+00
-2.428666266850000088e+00
-3.530088674204999943e+00
-3.686032588379999808e+00
-3.601705619229999655e+00
-3.569869765380000004e+00
-2.716250752819999725e+00
-3.186817948259999866e+00
-2.715507374800000040e+00
-3.525318195844999725e+00
-3.098816976330000195e+00
-2.654269166155000192e+00
-3.151652416370000154e+00
-3.348902414194999899e+00
-2.739772316575000310e+00
-2.727900738609999820e+00
-4.355973744065000375e+00
-3.626789622275000013e+00
-3.367263379089999731e+00
-4.055025826285000079e+00
-3.885198628784999997e+00
-4.043529580745000018e+00
-3.646781347330000145e+00
-4.149607168730000240e+00
-4.262857059219999911e+00
-3.302637926975000138e+00
-3.605271004945000080e+00
-3.636868833274999879e+00
-3.746674242940000177e+00
-3.618021269390000239e+00
-2.868006969005000073e+00
-2.919159829225000280e+00
-3.130601369835000369e+00
-2.835823389295000219e+00
-2.880934198100000287e+00
-3.535566193764999809e+00
-3.215842003569999719e+00
-3.692082373799999928e+00
-2.196082146899999810e+00
-3.562945958269999824e+00
-3.813623609375000001e+00
-3.594327590939999872e+00
-1.999089996774999989e+00
-3.977110135259999790e+00
-1.830812489831000089e+00
-3.349704942649999850e+00
-3.668027062790000237e+00
-4.756356787035000089e+00
-3.744395294670000318e+00
-1.765755466514499883e+00
-2.006725227460000038e+00
-3.706452791889999876e+00
-3.078993069560000073e+00
-3.765373712245000171e+00
-3.910375742140000277e+00
-3.985141783855000064e+00
-3.151769763035000338e+00
-3.310878340749999982e+00
-3.248538197100000247e+00
-3.701439039229999839e+00
-4.336189283259999527e+00
-2.295005735025000160e+00
-3.698870784954999991e+00
-4.013485981405000125e+00
-4.176450459425000261e+00
-3.938875379989999814e+00
-4.157375412110000390e+00
-4.087761707764999919e+00
-3.718719217739999916e+00
-3.027979280014999830e+00
-2.521436907780000070e+00
-2.132867707404999980e+00
-3.600729875759999921e+00
-3.520995712139999956e+00
-3.455211955884999853e+00
-4.679150859399999973e+00
-3.185578877604999803e+00
-3.158795565700000196e+00
-3.345901994055000106e+00
-2.313759924050000194e+00
-3.167403779349999837e+00
-2.388286255750000198e+00
-2.112997202194999868e+00
-3.945383824374999904e+00
-2.410862460919999783e+00
-2.950509671255000299e+00
-3.793967130409999999e+00
-1.813957446151500008e+00
-3.027606618645000136e+00
-2.008474232844999818e+00
-3.377263953059999935e+00
-2.761481342245000192e+00
-2.866872072070000055e+00
-3.135192130880000150e+00
-3.400241910640000143e+00
-2.045035532715000048e+00
-3.066220311389999953e+00
-2.086464221925000029e+00
-2.552457948699999868e+00
