-3.809292197965000071e+00
-3.214591346149999751e+00
-3.577715216215000105e+00
-2.293726187619999912e+00
-1.189761566061000142e+00
-2.479181224905000036e+00
-2.515359501655000329e+00
-2.375750909355000218e+00
-3.105872914809999941e+00
-2.992016302995000210e+00
-3.271532302785000290e+00
-2.521600873735000192e+00
-2.394661514110000056e+00
-2.898037564994999649e+00
-3.015404017809999893e+00
-2.838925871484999863e+00
-3.414019715554999834e+00
-2.521195473335000159e+00
-3.364552522729999939e+00
-1.798737034930000034e+00
-2.230852846854999960e+00
-3.432853880919999767e+00
-2.890430724799999851e+00
-3.013245135515000062e+00
-8.095893924078501058e-01
-2.749528262594999717e+00
-2.507337937610000012e+00
-3.240465427830000245e+00
-3.351453918535000298e+00
-2.205913271855000080e+00
-2.468330722490000184e+00
-2.765653792804999789e+00
-2.985684830789999911e+00
-2.369947294300000173e+00
-2.925352753474999901e+00
-2.958224346609999778e+00
-2.101892780280000039e+00
-2.741682385049999837e+00
-2.304880912165000240e+00
-2.152111296670000229e+00
-2.691600682885000317e+00
-2.886303045440000048e+00
-4.372571831644999740e+00
-2.417592362909999792e+00
-1.856345167800000029e+00
-2.576742023345000021e+00
-3.405559156215000272e+00
-3.715481579194999995e+00
-3.089363235315000011e+00
-2.150555586774999917e+00
-3.097483358689999910e+00
-3.140165906100000015e+00
-2.832042838770000071e+00
-2.719421483560000130e+00
-2.810864241425000021e+00
-8.701931482359366310e-01
-2.387207043924999716e+00
-3.437620786859999722e+00
-1.092049807855000054e+00
-2.766356396594999989e+00
-3.041750520364999932e+00
-1.476542914508999882e+00
-3.350130724595000054e+00
-2.479355679904999832e+00
-1.847510388494999933e+00
-2.810611597599999900e+00
-2.935971904835000146e+00
-4.354485575470000036e+00
-2.625459030345000055e+00
-2.662421407650000127e+00
-2.692391643065000117e+00
-2.589797553709999978e+00
-3.126876917755000207e+00
-3.107963936144999995e+00
-2.375009774935000095e+00
-2.497232601660000384e+00
-2.369787521304999700e+00
-3.445629970100000161e+00
-3.081455005929999658e+00
-2.714969721240000133e+00
-3.527238285674999752e+00
-3.368715376074999934e+00
-3.981345088154999878e+00
-3.637294269365000332e+00
-1.930090459619999921e+00
-3.297839049880000317e+00
-3.345761353880000399e+00
-2.476742575904999910e+00
-1.753374345660000166e+00
-2.565211638594999677e+00
-2.200741203330000229e+00
-3.444403172624999954e+00
-2.386004747639999923e+00
-2.494673307554999830e+00
-2.795206548849999972e+00
-3.620798117845000164e+00
-2.946298835814999961e+00
-2.412601995834999791e+00
-2.746449025275000011e+00
-3.044398993545000209e+00
-3.251436220450000025e+00
-2.424180338155000225e+00
-2.373614021259999873e+00
-2.966155460475000005e+00
-2.134502544400000090e+00
-1.672100402702500155e+00
-2.267335026320000058e+00
-3.412932966625000120e+00
-1.172776927011000003e+00
-3.215796852719999599e+00
-2.706475233599999974e+00
-3.048712762224999651e+00
-9.594074422555000092e-01
-2.726685669644999699e+00
-3.184505695954999993e+00
-2.522047684224999919e+00
-4.129292783060000360e+00
-3.544615791850000086e+00
-3.481422341595000081e+00
-1.414460109778999941e+00
-2.911842491299999836e+00
-1.930335961329999961e+00
-1.813922902654999891e+00
-2.946340324564999946e+00
-4.959393406214999800e+00
-2.026421539999999855e+00
-2.662617121864999881e+00
-1.488638733589999985e+00
-2.044703199674999805e+00
-4.155106788564999931e+00
-2.956779886629999687e+00
-8.040206562184499806e-01
-3.030865040025000123e+00
-3.819367826274000066e+00
-2.226834071219999878e+00
-2.479181224905000036e+00
-2.474376727805000176e+00
-1.158305492626499955e+00
-2.300631136779999864e+00
-2.406306298265000088e+00
-2.970889213640000026e+00
-1.929981248289999840e+00
-7.209429401292800632e-01
-1.307042012965500044e+00
-3.354834753020000448e+00
-3.817719430919999546e+00
-3.090503455329999927e+00
-2.657379738699999994e+00
-2.039331570989999953e+00
-3.012531918119999652e+00
-2.825630594845000232e+00
-2.152993312295000017e+00
-4.012528564070000137e+00
-3.291562964045000150e+00
-3.172568326344999967e+00
-1.513386342985000077e+00
-2.739011047835000046e+00
-2.552640970805000187e+00
-2.538298813594999981e+00
-1.964326150865000065e+00
-2.343244916694999791e+00
-3.399678243080000328e+00
-2.065897639450000156e+00
-8.061194501802757539e-01
-2.623317105584999975e+00
-2.930055795024999910e+00
-2.413900369209999841e+00
-2.895279612069999953e+00
-1.189761566061000142e+00
-2.468161824920000136e+00
-2.462402573384999904e+00
-2.418744316749999790e+00
-2.359132053729999789e+00
-2.146043342765000084e+00
-2.783833074469999946e+00
-1.806232640790000232e+00
-3.118539069975000189e+00
-2.329150866440000023e+00
-3.185088975294999791e+00
-2.396375137685000212e+00
-3.779958925079999865e+00
-2.021254619720000090e+00
-2.859700204384999722e+00
-1.628922896534999998e+00
-2.600351314850000151e+00
-2.983658038525000222e+00
-2.809043535759999877e+00
-2.673358294989999884e+00
-3.386411467635000339e+00
-2.997333852315000158e+00
-2.861473756675000146e+00
-1.696503177704999921e+00
-2.192623466635000185e+00
-3.333467506859999929e+00
-2.016189730999999874e+00
-2.412250487425000145e+00
-2.058169596935000012e+00
-1.805154826200000118e+00
-2.465801527580000041e+00
-2.884217848925000105e+00
-1.951364218560000197e+00
-2.009806827244999816e+00
-3.503981228485000265e+00
-2.409386712619999926e+00
-3.215283547380000329e+00
-3.026817421710000122e+00
-2.967296099114999919e+00
-3.898111474350000272e+00
-3.491055326469999720e+00
-2.501484737690000237e+00
-2.050217299589999875e+00
-2.659816981755000143e+00
-2.485457973124999942e+00
-1.546216292310000018e+00
-2.913448781055000048e+00
-3.788765481820000058e+00
-3.545943150874999894e+00
-3.715926312979999757e+00
-1.586451686959999829e+00
-1.953673577320000021e+00
-1.037100915409999935e+00
-1.845145391093999887e+00
-1.143106823557999974e+00
-2.401936113265000117e+00
-2.516222174870000217e+00
-7.807120055563194772e-01
-2.560670350165000109e+00
-3.252698898254999804e+00
-2.736127862545000067e+00
-2.938346128084999620e+00
-1.428492655769999953e+00
-7.727689028336000021e-01
-2.606137697589999913e+00
-1.526231888764999933e+00
-3.064023287530000417e+00
-3.291851823205000027e+00
-2.419025599404999838e+00
-2.710501294274999751e+00
-2.769850548460000006e+00
-2.146945479504999810e+00
-2.273591273650000133e+00
-2.984002168615000006e+00
-2.079323637884999965e+00
-2.692019588934999597e+00
-3.019801108790000299e+00
-2.306290270045000312e+00
-2.743804273014999850e+00
-3.149525934215000156e+00
-1.998781207905000024e+00
-3.143423878434999708e+00
-2.620431064459999959e+00
-2.713957794749999763e+00
-2.120914539140000166e+00
-8.924919146028499339e-01
-2.301707133559999896e+00
-2.637745779259999868e+00
-2.794450404010000000e+00
-2.589002754070000023e+00
-3.006680719254999801e+00
-2.871251448845000276e+00
-2.173846213385000059e+00
-2.444884703305000073e+00
-3.032587893730000150e+00
-2.283757813064999809e+00
-2.082603404569999928e+00
-2.908045535894999922e+00
-2.416580585405000203e+00
-3.647340573930000218e+00
-2.086659288569999937e+00
-1.275757327527500040e+00
-2.420344736155000120e+00
-3.320139697750000174e+00
-2.101508162940000091e+00
-3.637294269365000332e+00
-3.516626513150000299e+00
-2.690666872335000015e+00
-2.285301455844999996e+00
-2.969651718410000196e+00
-1.989987730364999985e+00
-2.804894165899999958e+00
-1.668823457039500191e+00
-1.105078517494000101e+00
-1.591146097985500107e+00
-1.420558561010500043e+00
-2.313785810919999797e+00
-2.853907611919999976e+00
-2.452610430455000046e+00
-2.104471238004999911e+00
-2.300787487780000085e+00
-2.346961607154999907e+00
-3.192434664794999932e+00
-3.045910232524999817e+00
-3.053503894609999936e+00
-1.878097684780000165e+00
-2.636586586019999956e+00
-1.670795405985000093e+00
-2.881912507500000054e+00
-1.244402502848499958e+00
-3.193997509519999944e+00
-3.140561459309999748e+00
-2.759722153890000307e+00
-3.721096397214999740e+00
-3.208822544974999857e+00
-2.674854060374999953e+00
-3.152306643100000194e+00
-3.027208901725000345e+00
-1.244305186922999962e+00
-2.802113503890000246e+00
-3.019978938634999999e+00
-3.121422968570000123e+00
-1.349082876335000014e+00
-3.156639100245000051e+00
-3.300616213039999636e+00
-2.572563503899999660e+00
-3.199940147895000031e+00
-1.932100289830000150e+00
-2.928600024130000090e+00
-3.033759452390000000e+00
-2.685975657764999802e+00
-2.755511019945000140e+00
-2.695942503850000005e+00
-3.157512287769999926e+00
-2.846914507380000181e+00
-1.212886943390000027e+00
-2.813665580320000359e+00
-3.274689001009999600e+00
-3.224068085814999929e+00
-1.906319849269999978e+00
-3.752958006930000145e+00
-2.444380556489999634e+00
-3.409039624580000094e+00
-2.813665580320000359e+00
-2.061500637219999987e+00
-2.710807689845000201e+00
-2.770208166829999819e+00
-2.840203753459999980e+00
-2.330932667904999978e+00
-3.387229460814999982e+00
-3.034893695350000087e+00
-2.918883529160000379e+00
-3.154890563209999943e+00
-2.291568341015000065e+00
-2.270901533590000021e+00
-2.596080451415000212e+00
-3.273991715234999766e+00
-2.740582840310000101e+00
-3.581418451614999832e+00
-3.665959081085000015e+00
-2.780791450295000189e+00
-3.805894165050000222e+00
-3.769303360144999893e+00
-2.737278555325000085e+00
-2.889585819625000163e+00
-2.980130685895000298e+00
-1.647327628330000016e+00
-2.438927872005000275e+00
-7.209429401292800632e-01
-1.629110824105000077e+00
-3.018065100540000323e+00
-2.403038236090000002e+00
-1.178605834457500112e+00
-3.179485070525000179e+00
-2.449407161069999894e+00
-3.044633472804999741e+00
-3.030369778359999877e+00
-2.111659253125000024e+00
-3.073874001980000159e+00
-2.575010367004999967e+00
-3.826974411760000194e+00
-1.797446634539999977e+00
-2.412828331430000084e+00
-3.591644906660000025e+00
-1.848065882234999791e+00
-8.427265395725215269e-01
-2.591723208829999958e+00
-4.161442361029999759e+00
-2.032199327520999965e+00
-2.508948467709999797e+00
-1.799143872015000145e+00
-1.354795636976499962e+00
-2.510100204360000031e+00
-2.967007310839999690e+00
-3.338848592415000205e+00
-2.619106628825000005e+00
-1.009513832643658349e+00
-2.000273944439999951e+00
-3.419726505005000305e+00
-2.510456781684999861e+00
-5.968233914069999813e+00
-2.997714704215000303e+00
-4.468871341214999404e+00
-2.704433118245000323e+00
-2.559456855019999644e+00
-1.785978281909999854e+00
-2.920344363024999890e+00
-8.041034275282044064e-01
-2.091221850225000178e+00
-2.639262490300000152e+00
-2.400238894394999711e+00
-8.980765271571857777e-01
-2.338621703779999894e+00
-3.905563204584999948e+00
-3.226391985514999838e+00
-3.197071811129999830e+00
-2.691938195765000152e+00
-2.112301314155000220e+00
-4.107898731009999693e+00
-3.310179974014999971e+00
-2.371655164989999953e+00
-1.696503177704999921e+00
-3.563275140780000072e+00
-2.927904037020000239e+00
