-3.985523597880000324e+00
-3.357907952045000144e+00
-3.020916061584999923e+00
-1.834400552174999977e+00
-2.658841691340000146e+00
-3.192397518625000430e+00
-3.187503848660000028e+00
-3.633078809374999718e+00
-3.319889217385000091e+00
-2.726706292030000256e+00
-3.439878350919999939e+00
-3.564953099564999839e+00
-2.556153751540000130e+00
-4.025360009525000393e+00
-2.826245311623000411e+00
-2.144007160084999697e+00
-3.713436636704999572e+00
-2.693937717455000325e+00
-2.894335972734999984e+00
-5.153901527327049426e-01
-2.772998229715000207e+00
-2.643366196970000193e+00
-3.595374255009999853e+00
-2.591720346145000242e+00
-3.482673355969999829e+00
-2.757410533994999913e+00
-3.370003342875000030e+00
-2.922084210434999996e+00
-2.991340639619999742e+00
-2.819278532969999862e+00
-2.162861480620000165e+00
-3.253713378125000055e+00
-3.559273997984999660e+00
-3.716523800035000047e+00
-4.526094373710000340e+00
-2.834941088859999958e+00
-3.171354359980000481e+00
-3.425441711940000022e+00
-2.281753404245000283e+00
-3.581170180930000058e+00
-1.862487383336999924e+00
-2.369023611194999823e+00
-2.867780267125000115e+00
-2.790506492525000048e+00
-3.210249744765000024e+00
-8.910736612090000008e-01
-3.336003071010000376e+00
-2.840684817209500057e+00
-3.215795264289999622e+00
-3.130932166720000076e+00
-3.368694872359999870e+00
-3.675855983634999546e+00
-3.072465313069999926e+00
-2.892613308300000075e+00
-2.813859440585000371e+00
-3.627636080634999871e+00
-2.652759106405000011e+00
-3.370842838294999755e+00
-2.803802892785000278e+00
-3.172023420844999997e+00
-2.995439723200000071e+00
-3.157084746279999798e+00
-3.717688841804999811e+00
-1.614825441104999815e+00
-3.180439648870000191e+00
-2.654180417424999661e+00
-3.348332636229999881e+00
-2.935924287159999757e+00
-4.385338670750000389e+00
-2.819874918510000050e+00
-3.688210077699999978e+00
-3.240160371425000019e+00
-3.459120100949999888e+00
-2.452635600424999840e+00
-2.757799998529999908e+00
-2.502618987880000034e+00
-2.451184857474999923e+00
-3.212050786689999882e+00
-3.646984845525000019e+00
-3.110624373794999897e+00
-2.157826934365000060e+00
-2.202022525999999925e+00
-2.732207181999999790e+00
-3.331835340335000062e+00
-2.793041690934999988e+00
-2.998921360705000261e+00
-2.628139230780000002e+00
-1.473294657734999902e+00
-3.171989319295000165e+00
-3.099024602684999685e+00
-3.109269993404999877e+00
-2.703004738510000227e+00
-3.275977506210000278e+00
-3.187621280574999716e+00
-8.581185450271999748e-01
-2.467799740414999832e+00
-2.114378590884999909e+00
-3.106968617869999782e+00
-2.076087462784999893e+00
-1.947474332869999936e+00
-3.018122174104999722e+00
-2.352911025730000105e+00
-3.146581194254999936e+00
-2.767076029020000050e+00
-2.565932653865000024e+00
-1.926891565370000059e+00
-2.746884325774999969e+00
-3.113662004220000057e+00
-3.370594336579999961e+00
-1.952792011620000157e+00
-2.836379075660000026e+00
-4.214934629554999646e+00
-2.086781449260000088e+00
-3.182640357049999924e+00
-3.135214031449999883e+00
-2.958266788129999991e+00
-3.473201726360000130e+00
-2.520145917119999801e+00
-2.322864071330000169e+00
-2.435274569675000222e+00
-2.814767533199999949e+00
-2.728454484720000295e+00
-3.339498190739999650e+00
-2.399364599200000114e+00
-8.039259523232999971e-01
-3.799611165614999564e+00
-3.035863340810000199e+00
-3.340091337850000119e+00
-3.924198230904999640e+00
-4.464338030735749974e-01
-3.123413041840000126e+00
-3.150439832914999627e+00
-3.005473769014999963e+00
-3.244294313644999761e+00
-3.146224896360000134e+00
-3.112208178100000389e+00
-3.315882411075000036e+00
-3.539184408309999696e+00
-3.064209033874999655e+00
-4.703869983859999770e+00
-2.756538307000000021e+00
-2.088615445999999931e+00
-2.267941736960000121e+00
-3.442760213969999761e+00
-1.548892444540000080e+00
-3.283175353819999920e+00
-3.151613478755000308e+00
-2.709097671829999943e+00
-1.070426701096000022e+00
-2.402456349479999975e+00
-2.184447423119999954e+00
-2.998245532000000324e+00
-4.215353285399999983e+00
-3.046274575834999609e+00
-1.966708777520000062e+00
-2.636643054104999884e+00
-2.723486974940000138e+00
-2.354506624782500168e+00
-3.623051757000000261e+00
-5.157805289240500191e-01
-3.326428967240000034e+00
-2.810879752469999993e+00
-2.663309291520000066e+00
-3.221517326509999890e+00
-2.843825947750000083e+00
-3.485722095389999886e+00
-3.168341607960000417e+00
-3.346227035685000128e+00
-3.160574919274999672e+00
-4.393067784354000027e-01
-2.940847563904999795e+00
-2.046463309429999988e+00
-2.980242529964999942e+00
-2.672200954355000047e+00
-2.940670316710000343e+00
-1.940243548699999820e+00
-2.651113610004999899e+00
-2.809663575510000122e+00
-2.725559939440000079e+00
-3.053583467429999754e+00
-3.165015742485000061e+00
-1.990383105814999887e+00
-3.567012840319999878e+00
-2.957221296360000196e+00
-3.367596338714999860e+00
-3.496362720445000072e+00
-3.104480350994999860e+00
-3.545348840884999575e+00
-3.105359089870000311e+00
-2.614258119789999668e+00
-3.010977443409999843e+00
-3.284095699094999876e+00
-2.730296884789999989e+00
-3.316754643194999908e+00
-1.496352068098000032e+00
-3.797991676575000142e+00
-2.198227556720000031e+00
-2.745719267444999723e+00
-3.540908040239999721e+00
-4.116416946300000212e+00
-3.124935452235000355e+00
-3.146605934774999724e+00
-2.886690941020000345e+00
-3.306418186504999746e+00
-3.110604648519999849e+00
-3.734245406939999956e+00
-8.466934879657906921e-01
-3.094970468505000127e+00
-2.797236565695000010e+00
-3.033436990839999847e+00
-2.939497332920000261e+00
-3.321516664975000310e+00
-2.767768110980000085e+00
-3.382979661354999834e+00
-3.962527854694999796e+00
-3.037023347609999924e+00
-2.601956160724999911e+00
-3.087724687789999756e+00
-3.472083739114999901e+00
-2.005213915949999759e+00
-3.483311981639999999e+00
-3.012372133304999977e+00
-2.782151325590000113e+00
-2.048973636579999980e+00
-2.520739590315000278e+00
-3.374679102394999575e+00
-1.395055564436999962e+00
-5.703589505653999803e-01
-2.622313639691999931e+00
-2.931773096299999715e+00
-2.518795657765000140e+00
-2.942427701260000195e+00
-3.192186102985000495e+00
-3.174908376994999948e+00
-3.338420756095000108e+00
-2.374433312434999888e+00
-7.001564800011499390e-01
-3.822157602109999885e+00
-2.572869129609999916e+00
-2.707203533204999957e+00
-3.057563997129999933e+00
-2.830147158825000009e+00
-2.845204167854999966e+00
-3.930575446745000256e+00
-2.580561843101500052e+00
-3.145695270684999656e+00
-1.939971214804999899e+00
-3.211238596280000301e+00
-2.791865743809999856e+00
-3.418203298324999917e+00
-3.025339891735000286e+00
-3.814931363540000397e+00
-2.949166998164999942e+00
-3.440266589765000216e+00
-2.989747080925000411e+00
-5.382398655635000084e-01
-2.790518426480000258e+00
-3.346323980274999776e+00
-2.770895794569999904e+00
-3.599497120779999726e+00
-2.528390863630000318e+00
-2.782887458639999867e+00
-3.247783848700000142e+00
-3.175351734834999995e+00
-3.261584975005000331e+00
-3.555723825554999884e+00
-3.624390733029999812e+00
-2.551099476885000161e+00
-3.526509008629999720e+00
-2.036515741365000132e+00
-3.634675160655000070e+00
-2.578550083645000157e+00
-3.517947959370000266e+00
-3.093283885149999968e+00
-3.563358648004999907e+00
-2.793638933094999999e+00
-3.085094494759999861e+00
-2.030615782799999991e+00
-2.757437202564999801e+00
-2.348914750705000110e+00
-3.536481683854999947e+00
-1.330932047008499985e+00
-2.952707833279999861e+00
-2.987029165724999658e+00
-3.033987056154999973e+00
-2.576136116729999870e+00
-2.063182174120000045e+00
-1.948392714599999742e+00
-3.512012224149999806e+00
-2.132738154067499892e+00
-3.673176491385000020e+00
-2.849356033015000289e+00
-2.992805805965000232e+00
-2.813400386115000096e+00
-2.233962762875000063e+00
-2.952590253774999951e+00
-4.097219487360000301e+00
-1.217774281944999926e+00
-2.264170823139999733e+00
-3.223067852679999845e+00
-2.971704116519999772e+00
-2.650096421419999793e+00
-3.301922471564999739e+00
-2.699244700009999942e+00
-2.790414310780000129e+00
-2.875057046209999800e+00
-3.042242207014999700e+00
-3.104691006864999991e+00
-2.690296799635000013e+00
-2.386764359669999891e+00
-2.318932235620000171e+00
-6.307973822090500171e-01
-3.174417962470000187e+00
-3.098922191369999801e+00
-1.167469193066499988e+00
-3.092659151190000344e+00
-3.311933950999999876e+00
-3.148588892984999887e+00
-2.890708002909999852e+00
-3.084660665249999933e+00
-3.372423810034999914e+00
-2.987069998725000008e+00
-2.792704873044999925e+00
-2.734552608460000034e+00
-3.386135840030000121e+00
-3.400357471364999995e+00
-3.310014633839999831e+00
-1.975566028984999889e+00
-3.004806449094999721e+00
-3.142490958134999790e+00
-3.568059595830000319e+00
-2.234305173910000164e+00
-2.725135488919999904e+00
-9.292532547075000871e-01
-2.604858316050000067e+00
-3.575125253269999526e+00
-2.644909290230000209e+00
-1.802362436114999911e+00
-2.780298369085000054e+00
-2.123503662815000137e+00
-2.084758042203500139e+00
-3.676861373304999958e+00
-7.328600503489499651e-01
-2.379232345715000196e+00
-2.811221279095000192e+00
-2.521844762479999780e+00
-2.724312799275000252e+00
-2.654494034705000338e+00
-4.227436088675000647e+00
-2.886365007964999840e+00
-3.597323822414999928e+00
-3.154146965074999809e+00
-2.496591994665000147e+00
-2.403222047885000379e+00
-2.752005162579999720e+00
-1.086927549540499971e+00
-3.458987975780000390e+00
-3.337175567825000133e+00
-3.103378734330000110e+00
-2.356597645964999987e+00
-3.046555157634999844e+00
-3.963073271029999844e+00
-3.175804951469999970e+00
-3.856700023450000181e+00
-2.783627434350000041e+00
-3.562811826184999475e+00
-2.506630290119999938e+00
-3.417696256869999782e+00
-2.891993769114999946e+00
-3.357128639965000438e+00
-3.326458997615000079e+00
-2.867691888364999997e+00
-1.952306478120000133e+00
-2.943138210384999898e+00
-3.528006180609999820e+00
-1.479086238879999904e+00
-1.722740360169999985e+00
-3.288833110254999692e+00
-1.887467726295000148e+00
-2.974368819639999550e+00
-2.777464702230000082e+00
-3.456868620134999848e+00
-2.155383972760000155e+00
-2.315230352960000015e+00
-3.591019117554999696e+00
-3.899159802864999858e+00
-3.342122315800000187e+00
-3.035035086595000209e+00
-3.044585878289999936e+00
-2.977582538135000068e+00
-2.389798075645000353e+00
-1.296167642189999913e+00
-3.058292825399999693e+00
-3.308621514349999959e+00
-3.600767544834999612e+00
-4.193798964239999982e+00
-3.146096905424999868e+00
-2.660995752224999844e+00
-3.276677401795000222e+00
-3.331828884980000183e+00
-3.808746030840000074e+00
-2.398424178605000012e+00
-3.242885203195000177e+00
-3.305928464725000016e+00
-2.479450330085000154e+00
-3.100211951474999950e+00
-2.707142872929999999e+00
-3.399221180390000097e+00
-3.458588593670000044e+00
-3.734245406939999956e+00
-4.010611629529999611e+00
-3.502724251104999631e+00
