-6.807776888675000082e-01
-7.931371108145499615e-01
-3.088681811839999902e+00
-9.123569033096500247e-01
-8.547777788814999722e-01
-1.688212364269999988e+00
-1.672707531239999934e+00
-3.306942960385000241e+00
-3.237104240984999493e+00
-2.422292473615000219e+00
-2.643764663229999812e+00
-2.552355426544999695e+00
-2.838077127285000056e+00
-2.734465216734999871e+00
-2.949767053505000014e+00
-3.157449010565000158e+00
-2.967279465959999918e+00
-2.143388765050000089e+00
-9.156029254619973967e-01
-8.095245849934650240e-01
-2.647284927409999877e+00
-2.457133664645000160e+00
-2.139055632919999894e+00
-2.404076532704999991e+00
-5.883369255406999399e-01
-6.217844446377084333e-01
-7.481189589002499307e-01
-8.876252012854999318e-01
-1.774780360454999872e+00
-1.732494579719999983e+00
-1.716849329064999985e+00
-2.395833422299999960e+00
-1.736075419872999959e+00
-3.311149590304999890e+00
-2.324019751559999847e+00
-3.261406717299999869e+00
-2.435619910539999822e+00
-2.305741605460000176e+00
-3.067405924780000070e+00
-2.047191726729999939e+00
-2.622648159859999772e+00
-2.930409988010000077e+00
-2.665893461069999582e+00
-2.552507527634999995e+00
-2.641587375499999890e+00
-3.029763718389999916e+00
-7.081041168030000055e-01
-1.120101457327600025e+00
-7.874019314229999678e-01
-7.793537829491000712e-01
-8.583599640304000467e-01
-2.830538271024999997e+00
-2.641241208040000288e+00
-2.926385743725000044e+00
-2.300385955419999906e+00
-2.609327606314999937e+00
-2.956789834784999904e+00
-2.834198604530000054e+00
-1.621870896389999928e+00
-2.544164716410000082e+00
-2.843272293400000095e+00
-2.180543802155000321e+00
-2.584569539464999899e+00
-2.559343521875000249e+00
-2.223008060999999813e+00
-2.362344390655000126e+00
-2.516835678615000127e+00
-2.109583585180000220e+00
-2.847284462549999784e+00
-3.407930991149999755e+00
-2.719790633625000176e+00
-2.902553979519999938e+00
-3.001832162214999933e+00
-2.469499240234999782e+00
-1.203768929655500086e+00
-1.828078174914999909e+00
-2.792348356549999799e+00
-1.473063732946999993e+00
-1.714714403304999912e+00
-9.088642946105000009e-01
-1.794041234799999884e+00
-1.721811370865000024e+00
-7.243688186822300201e-01
-2.909163684265000160e+00
-3.100359485104999813e+00
-2.328594769650000007e+00
-2.198900146480000206e+00
-2.846808283160000119e+00
-2.522711062800000015e+00
-2.495602274394999931e+00
-2.360818438499999949e+00
-2.551731255665000031e+00
-1.893383930865000009e+00
-1.780228176925000128e+00
-3.008036403834999817e+00
-1.734243254649999955e+00
-2.554655680755000269e+00
-3.274763725385000157e+00
-2.165350609559999917e+00
-1.675735523314999975e+00
-2.262666871985000050e+00
-2.070657120304999932e+00
-2.590813582900000078e+00
-2.713837981924999809e+00
-2.968544283735000011e+00
-2.189873765545000239e+00
-1.201064265410999976e+00
-8.794779130234999798e-01
-1.993872441069999946e+00
-3.327424111160000031e+00
-2.842651978704999749e+00
-2.704308435625000229e+00
-8.614732935542573911e-01
-1.117107815433000084e+00
-7.099859248967850256e-01
-8.525390484028499971e-01
-8.202123922842500248e-01
-7.720890364206000056e-01
-2.249188652720000015e+00
-1.625829285820000081e+00
-1.355929187110999967e+00
-1.327786173994000007e+00
-2.721597359585000042e+00
-3.311938658465000351e+00
-2.571945681404999906e+00
-2.553236583134999904e+00
-5.946609315126450968e-01
-2.026192755934999923e+00
-4.737494240079196395e-01
-7.566913752939421478e-01
-7.203735971972993202e-01
-5.047247034563000501e-01
-2.665365199935000096e+00
-2.712380895704999961e+00
-2.608423474850000368e+00
-2.677495938639999906e+00
-6.545648578211999968e-01
-6.734976305242500461e-01
-5.624745994976499963e-01
-7.518517282487999775e-01
-7.317084668999999097e-01
-6.550834264721000499e-01
-2.936355379244999675e+00
-2.496474678080000231e+00
-1.435358971467499911e+00
-3.235465134320000047e+00
-2.367811307564999801e+00
-3.043803484475000154e+00
-1.199193003668000079e+00
-6.831537531081299797e-01
-2.641715658954999935e+00
-2.466578630525000371e+00
-2.883487768960000253e+00
-1.795668308405000024e+00
-2.082328780660000156e+00
-2.472906008429999858e+00
-2.493446967785000190e+00
-2.164431947229999764e+00
-2.347484935249999793e+00
-2.654510617125000138e+00
-2.326223426784999937e+00
-3.671868950809999976e+00
-2.540119265359999989e+00
-2.297920419725000052e+00
-2.673637351695000053e+00
-2.178211035704999965e+00
-2.771571076479999896e+00
-2.469941477269999908e+00
-3.013297168249999824e+00
-8.001707787932297311e-01
-2.794129310959999835e+00
-2.689129373824999725e+00
-2.441783851994999921e+00
-1.544256747699999988e+00
-2.051330135260000187e+00
-2.838100888085000051e+00
-1.508086778165000030e+00
-2.240139223864999973e+00
-2.351010150905000096e+00
-2.206276446479999986e+00
-2.223694370730000092e+00
-3.093834967399999858e+00
-1.106246715860000007e+00
-2.558288061745000341e+00
-2.403720976815000299e+00
-2.486002360850000148e+00
-2.330305009304999952e+00
-2.447506597884999913e+00
-2.529577744235000036e+00
-2.920195456970000158e+00
-3.352681315189999900e+00
-2.637045107935000132e+00
-2.652494379214999753e+00
-3.203778873484999679e+00
-2.886883238604999846e+00
-2.936955696120000070e+00
-2.730108354670000015e+00
-2.435806767329999900e+00
-3.421450212639999933e+00
-2.938055138580000225e+00
-2.414313560930000158e+00
-2.970359096580000191e+00
-1.963203529454999874e+00
-2.406807922609999650e+00
-2.227022945299999890e+00
-2.823659241005000098e+00
-3.363997819454999760e+00
-2.194737384080000187e+00
-1.985164299910000096e+00
-2.758364460970000209e+00
-3.013895191280000052e+00
-2.681712053140000052e+00
-3.158760201305000237e+00
-2.629770853260000152e+00
-3.107573627485000323e+00
-3.156460973749999788e+00
-2.263262534299999906e+00
-3.269130416184999888e+00
-2.370495454519999878e+00
-2.838235003969999948e+00
-1.608637262804999857e+00
-3.917317752344999793e+00
-2.554039812630000128e+00
-2.114342699399999859e+00
-9.355470162822999702e-01
-6.989006046137594685e-01
-9.638118130235000525e-01
-7.315454890042000224e-01
-2.276877951534999944e+00
-2.743509315389999870e+00
-2.830788068364999965e+00
-2.733725224815000132e+00
-2.767571174870000039e+00
-2.304604140079999919e+00
-2.628675692735000347e+00
-2.690972188870000004e+00
-3.082392899454999835e+00
-2.878413506739999850e+00
-1.847001103065000205e+00
-2.946819298920000385e+00
-2.707473824160000042e+00
-2.706329605895000157e+00
-2.942451708624999718e+00
-2.993649587324999750e+00
-2.300817899010000112e+00
-2.879624167554999836e+00
-2.531340933290000095e+00
-3.176407932960000124e+00
-2.244800620049999917e+00
-2.708289606090000134e+00
-3.317352221000000156e+00
-2.747307837195000157e+00
-2.818664581520000212e+00
-2.436944520344999976e+00
-2.529660299475000151e+00
-2.623027737799999759e+00
-2.107421956905000116e+00
-2.302265562079999661e+00
-2.791359747479999598e+00
-1.345529246919500155e+00
-2.814543554010000115e+00
-3.198262204655000218e+00
-3.041446905119999933e+00
-2.106143900114999745e+00
-2.970697718589999869e+00
-3.188335807365000107e+00
-3.077082908279999973e+00
-2.161590185895000182e+00
-2.618630718564999960e+00
-2.945735872164999769e+00
-2.528357146234999853e+00
-2.283235710045000033e+00
-2.472186108014999828e+00
-2.222722200015000205e+00
-2.850503534470000044e+00
-2.814379511290000302e+00
-3.159076106745000168e+00
-2.193476218739999872e+00
-3.152259982024999907e+00
-2.697994966555000040e+00
-2.882794280679999765e+00
-2.731363010424999960e+00
-2.635645408369999831e+00
-2.334179121005000024e+00
-2.509498958434999594e+00
-2.959484789020000228e+00
-3.788648104354999990e+00
-2.187230609759999833e+00
-3.170215157520000382e+00
-2.721668312520000299e+00
-3.232791057160000037e+00
-2.831555594960000199e+00
-3.304873811840000286e+00
-2.649610733559999876e+00
-2.711311929254999864e+00
-3.039206037685000084e+00
-2.909026278625000295e+00
-3.186741997554999983e+00
-2.516336031109999816e+00
-3.002295015559999669e+00
-2.454100319090000148e+00
-2.569909262909999992e+00
-2.790437378280000047e+00
-2.323013542765000050e+00
-2.575238390375000019e+00
-2.703645665049999813e+00
-2.209789618164999858e+00
-2.586812756540000091e+00
-2.176527052525000006e+00
-2.370354638420000271e+00
-2.669182460920000111e+00
-2.876358961834999839e+00
-2.208196554385000177e+00
-2.083141781424999728e+00
-2.601387076765000028e+00
-3.216844569665000098e+00
-2.710018599195000100e+00
-2.901282910749999999e+00
-2.778122171050000144e+00
-2.724491849430000112e+00
-2.804483691185000183e+00
-2.744917500855000192e+00
-1.652227916109999972e+00
-2.943206481409999853e+00
-2.990521704149999849e+00
-2.910231685114999856e+00
-2.627313268325000006e+00
-1.798936432909999938e+00
-2.101784037655000326e+00
-2.165039468305000270e+00
-3.027639276124999945e+00
-3.052408193695000271e+00
-3.310338209760000261e+00
-3.216509969355000109e+00
-1.993166653499999885e+00
-2.944658759034999740e+00
-3.504190177549999952e+00
-3.120374712949999907e+00
-3.390496128559999711e+00
-3.380216964820000225e+00
-1.882340484495000021e+00
-2.144316086999999982e+00
-1.994394846665000109e+00
-2.552590752625000015e+00
-2.447020899355000001e+00
-2.426587052574999959e+00
-2.667749665325000130e+00
-2.656125829535000094e+00
-2.727313152635000293e+00
-2.855425805799999939e+00
-2.251629930380000033e+00
-2.550168850364999962e+00
-1.304928071224000119e+00
-2.760819016075000132e+00
-2.691835187415000163e+00
-2.416949488904999832e+00
-2.815089202160000248e+00
-1.203209920185999815e+00
-1.410970510194999861e+00
-1.247028444800000191e+00
-3.408973402475000025e+00
-2.399383795964999955e+00
-2.982918528949999981e+00
-1.767523018194999906e+00
-2.855290700959999928e+00
-2.651476619240000332e+00
-2.892050359925000258e+00
-3.035104364359999973e+00
-1.105064562899499947e+00
-2.430976832329999837e+00
-3.364092843415000367e+00
-2.836202533619999855e+00
-2.007105835424999984e+00
-2.062508315609999698e+00
-1.305134747924999949e+00
-2.702843568115000039e+00
-2.297649041290000138e+00
-2.971187855344999740e+00
-2.779377679410000024e+00
-2.079067636200000013e+00
-2.464899408019999960e+00
-2.648581857809999995e+00
-2.575921507594999937e+00
-3.416022733829999769e+00
-2.519037447115000106e+00
-2.727740385815000224e+00
-2.658602151794999813e+00
-2.601450752549999912e+00
-2.857210673104999987e+00
-3.011763773724999815e+00
-2.583007401049999707e+00
-2.338871872714999967e+00
-2.320666261179999967e+00
-2.739027241300000082e+00
-3.347451482080000318e+00
-2.236638469139999863e+00
-2.853325042935000333e+00
-3.298386471489999749e+00
-2.349241422530000012e+00
-2.718971273084999751e+00
-2.453534137765000178e+00
-2.898797482219999999e+00
-1.261851626517500158e+00
-2.624774139759999958e+00
-2.071654718035000009e+00
-2.952576447064999776e+00
-2.729022694444999786e+00
-2.416657065249999903e+00
-2.038330076999999907e+00
-2.404767036530000013e+00
-2.528446013149999949e+00
-2.974312198139999808e+00
-3.465522735620000017e+00
-2.741218416085000165e+00
-2.465507555394999883e+00
-3.170432573149999822e+00
-3.082463625059999934e+00
-1.544590578175000228e+00
-2.425643919569999696e+00
-2.895283376870000147e+00
-2.920632672565000032e+00
-2.703663834309999903e+00
-2.613221564369999861e+00
-2.225537280064999734e+00
-2.339190546054999764e+00
-1.469664883490000129e+00
-1.030368652026000031e+00
-1.609302154159999887e+00
-2.171520162670000254e+00
-3.219759461949999846e+00
-1.232656323665999976e+00
-3.124822387634999643e+00
-2.825481916780000269e+00
-1.619014233074999920e+00
-1.396330045532999886e+00
-2.251488565219999849e+00
-2.678622478289999886e+00
-1.314663567219999996e+00
-1.670426893749999975e+00
-2.734527564765000029e+00
-2.349786871884999684e+00
-1.722556783920000001e+00
-2.664167628304999980e+00
-1.617754348310000090e+00
-2.326265086299999840e+00
-1.971638827420000073e+00
-2.989509741335000026e+00
-2.765213603110000307e+00
-3.224925939920000317e+00
-2.497591371294999973e+00
-1.380241176919000168e+00
-2.214737557504999899e+00
-2.661515353239999992e+00
-1.966058541210000232e+00
-2.686013562214999872e+00
-2.493538068229999904e+00
-1.964773319494999892e+00
-2.255919460784999941e+00
-3.089145254224999526e+00
-2.734620538045000160e+00
-2.414355949184999961e+00
-1.589148422765000124e+00
-1.271128133038500030e+00
-8.878989033730000369e-01
-2.736916076810000042e+00
-1.756816984104999868e+00
-1.015976101657499964e+00
-1.140877847540500145e+00
-2.043912308164999914e+00
-1.278153547925000133e+00
-1.740267113569999857e+00
-2.519950377824999865e+00
-1.365881332353499955e+00
-1.653540328116000158e+00
-1.198749346751500022e+00
-1.173598527695999927e+00
-2.376364167694999807e+00
-2.291768181634999735e+00
-1.220906300395500077e+00
-2.705499676365000106e+00
-2.847879969834999692e+00
-2.584858592515000275e+00
-2.592080612814999796e+00
-2.600636886394999792e+00
-3.127291499390000062e+00
-2.000091105190000107e+00
-2.573221771015000048e+00
-1.951854864149999980e+00
-2.397714848265000143e+00
-2.503560156574999862e+00
-2.760142186059999947e+00
-2.847603729535000294e+00
-2.711679317775000264e+00
-2.884736445345000178e+00
-2.339002766290000146e+00
-2.072216928059999574e+00
-2.104902739539999956e+00
-2.244161176019999981e+00
-1.771501048495000008e+00
-9.273844084486499995e-01
-1.919728005649999902e+00
-1.173059846085999780e+00
-2.321667482740000121e+00
-2.888362509149999813e+00
-1.477837674439999915e+00
-1.404751717204999917e+00
-2.658098863854999827e+00
-3.094513882289999795e+00
-2.207063963309999988e+00
-2.058949544514999896e+00
-2.056637194934999968e+00
-1.708400628594999970e+00
-1.760234256629999994e+00
-2.952264717690000317e+00
-2.360792272374999889e+00
-2.629848114005000070e+00
-2.462584209740000141e+00
-3.255998851374999781e+00
-2.868257973500000002e+00
-2.397889169439999968e+00
-3.246072773024999858e+00
-3.074017184635000177e+00
-2.895756803199999840e+00
-2.980455086834999712e+00
-2.753302251490000074e+00
-2.546973337979999918e+00
-3.347619392634999969e+00
-2.849925559539999931e+00
-2.479229485839999914e+00
-2.592711329794999742e+00
-2.027338179940000096e+00
-1.956108697220000137e+00
-1.120473298669000028e+00
-1.322089409682499994e+00
-1.790906778146000189e+00
-3.015986422774999731e+00
-2.384353361335000088e+00
-3.081790559659999928e+00
-2.801638674194999901e+00
-2.760475227759999761e+00
-2.695622381889999808e+00
-1.942562876219999790e+00
-2.801539975569999896e+00
-1.603058339604999993e+00
-2.160815216450000076e+00
-2.542523787439999960e+00
-2.852308460639999765e+00
-2.473150256934999902e+00
-1.602771485034999888e+00
-2.293734615350000006e+00
-2.296637255129999833e+00
-2.412455482664999984e+00
-2.683883530770000192e+00
-2.735094282569999979e+00
-2.423282336635000256e+00
-3.453761162050000166e+00
-3.221309786199999969e+00
-3.063748266954999799e+00
-2.300595119805000088e+00
-2.978593691995000015e+00
-3.299262020559999620e+00
-3.067278491759999781e+00
-2.630051085289999868e+00
-1.995993130190000020e+00
-2.614222920340000034e+00
-1.830642996899999986e+00
-2.966342359670000040e+00
-2.798502915410000291e+00
-2.136254281760000318e+00
-1.992991761409999896e+00
-2.396244326075000153e+00
-2.357578727114999939e+00
-2.446592887155000007e+00
-2.212386446780000071e+00
-2.456503118845000166e+00
-1.840252779365000091e+00
-2.232937941120000325e+00
-2.732678952625000157e+00
-2.764907965944999990e+00
-2.325146076220000246e+00
-3.015576686534999773e+00
-1.351305597775000145e+00
-2.990761491269999794e+00
-2.206045549829999786e+00
-2.678375856884999795e+00
-3.239603825740000165e+00
-3.120881327550000250e+00
-3.076534718669999613e+00
-2.049583243299999857e+00
-1.593723827724999875e+00
-2.410651520270000070e+00
-1.809522233265000057e+00
-2.955788309294999916e+00
-2.683205915924999907e+00
-1.003410519464499995e+00
-2.647671510789999960e+00
-2.967860506455000102e+00
-2.815598699989999787e+00
-1.921195780200000147e+00
-3.439146678364999765e+00
-2.599710497514999830e+00
-2.515548125195000040e+00
-2.294803118599999969e+00
-3.020688720414999917e+00
-3.048541638979999746e+00
-2.967777020359999796e+00
-2.600730029440000202e+00
-2.462312444890000229e+00
-2.873889926239999948e+00
-2.312260530939999725e+00
-1.863563123850000114e+00
-2.793065984190000073e+00
-2.354245016534999735e+00
-2.319796748524999952e+00
-3.276353425684999987e+00
-2.719015265979999985e+00
-2.198193241530000286e+00
-1.477689494304999851e+00
-1.389675175058999956e+00
-2.134976903435000128e+00
-2.785385525840000209e+00
-2.752273009560000094e+00
-2.298155956830000068e+00
-1.224896162190499904e+00
-2.411590831449999861e+00
-2.149258666709999765e+00
-2.612275804644999866e+00
-2.734333684150000110e+00
-2.596638787269999860e+00
-2.514291108700000166e+00
-3.151982817360000411e+00
-2.631342766459999982e+00
-2.662929973905000303e+00
-2.702050682574999918e+00
-2.187720186770000019e+00
-2.236471081299999941e+00
-3.156278631690000225e+00
-2.372974121559999983e+00
-2.586358002609999929e+00
-2.715092112935000301e+00
-2.613862095145000009e+00
-2.779774894860000067e+00
-2.842457582749999823e+00
-2.340069836995000152e+00
-2.615113015669999985e+00
-2.521198041809999957e+00
-2.973778273959999829e+00
-2.828706848704999999e+00
-2.331705560819999690e+00
-2.748403735644999735e+00
-2.295024530495000104e+00
-2.392831008049999930e+00
-2.658898850189999941e+00
-1.131422290109499906e+00
-2.521417418585000014e+00
-2.357268778869999970e+00
-1.921362211314999957e+00
-2.547174721229999772e+00
-2.446712052839999707e+00
-3.057279723369999758e+00
-2.111381875905000260e+00
-1.987848292640000070e+00
-2.351004168644999837e+00
-1.987310297839999906e+00
-2.782930901504999888e+00
-2.628826816844999748e+00
-9.179297225139999572e-01
-2.412344979430000258e+00
-1.833627961699999975e+00
-2.579823683794999933e+00
-2.828638897535000307e+00
-2.487401685720000089e+00
-2.957546043015000237e+00
-2.838359859905000171e+00
-2.531457238525000264e+00
-1.952605276494999931e+00
-3.198303895139999575e+00
-3.393514518904999999e+00
-1.339513587279999918e+00
-2.589507123949999823e+00
-1.320732809939999974e+00
-2.658963349725000036e+00
-1.230005804488000010e+00
-2.669411338345000217e+00
-2.381695562345000017e+00
-2.583769839804999968e+00
-2.701489811950000153e+00
-2.036266419259999960e+00
-2.945174261234999591e+00
-2.696092941594999903e+00
-3.220009092050000188e+00
-2.517945222639999869e+00
-1.330641423864999950e+00
-2.837480766829999723e+00
-3.079459589674999886e+00
-3.197395722410000030e+00
-2.431718124805000159e+00
-2.715652969469999789e+00
-2.141490619689999875e+00
-2.700890259764999968e+00
-3.044972835834999891e+00
-2.838643808015000047e+00
-2.481330831854999808e+00
-3.054866529785000395e+00
-2.516335907290000229e+00
-2.403179446404999808e+00
-2.508756014760000319e+00
-2.465080589294999847e+00
-2.561632427245000176e+00
-2.973838697969999778e+00
-2.900060256325000196e+00
-2.335033106380000056e+00
-2.573999352930000040e+00
-1.905789340844999957e+00
-2.691506395194999790e+00
-2.877636361224999995e+00
-2.588576170445000102e+00
-2.353863810260000022e+00
-2.929030319569999818e+00
-2.244443160919999958e+00
-2.060625162040000014e+00
-3.091471548204999920e+00
-3.130983432044999848e+00
-2.594033186864999951e+00
-3.228386907385000004e+00
-2.439069901709999932e+00
-2.843099688589999730e+00
-2.698295305194999827e+00
-2.567509640619999978e+00
-2.544354319665000030e+00
-1.867864241544999970e+00
-1.669409844805000098e+00
-1.962118774894999973e+00
-1.993971755510000055e+00
-2.606397916865000219e+00
-2.706617174765000300e+00
-3.194186772490000159e+00
-3.312792302390000110e+00
-2.567161994294999694e+00
-2.823681114015000215e+00
-2.666918599765000231e+00
-2.542285841019999992e+00
-3.376091249699999963e+00
-8.928711856922999512e-01
-8.972030011753000522e-01
-8.642950817255000695e-01
-7.920874811882999689e-01
-1.051608734129499956e+00
-6.642132369199500452e-01
-1.183921224409500095e+00
-1.035283285720000057e+00
-7.483824368209179845e-01
-8.161461153104000443e-01
-1.828073955369999837e+00
-1.652766622880000202e+00
-2.321302151054999818e+00
-3.291776073339999886e+00
-3.084750232864999830e+00
-2.131721598810000007e+00
-2.934147190905000091e+00
-2.690696215380000034e+00
-1.920027611875000151e+00
-2.663135247025000041e+00
-3.097542114129999913e+00
-2.814329419674999944e+00
-1.004779422182499937e+00
-2.534047086160000184e+00
-2.492027090075000118e+00
-2.144086214855000172e+00
-2.213082770075000205e+00
-2.666845479845000089e+00
-2.327087925929999912e+00
-3.107107810699999639e+00
-2.833300586675000066e+00
-2.475074133215000138e+00
-2.621830127590000004e+00
-2.216834342724999907e+00
-3.104017573974999777e+00
-2.237384033779999726e+00
-3.334782184199999833e+00
-2.610349524124999654e+00
-2.111673838055000196e+00
-2.340535630284999780e+00
-2.254060795405000039e+00
-2.565523640054999888e+00
-3.126043140910000240e+00
-2.879941945039999673e+00
-2.992188358394999970e+00
-2.646655234169999815e+00
-2.554511296134999832e+00
-2.692540516204999790e+00
-2.390425459290000276e+00
-2.742717799284999813e+00
-2.729514546685000376e+00
-3.094465431340000183e+00
-2.571789869554999886e+00
-2.680353582399999990e+00
-2.564883904464999809e+00
-2.971653323104999966e+00
-2.661219416725000286e+00
-2.510752923244999657e+00
-2.529757248654999735e+00
-1.720445030670000097e+00
-2.251325371375000106e+00
-2.635465915424999750e+00
-2.157484956154999800e+00
-2.752122710934999716e+00
-2.824198730950000069e+00
-1.966137796589999986e+00
-2.234054113825000076e+00
-3.530245782259999743e+00
-2.850211403559999912e+00
-2.761584034674999799e+00
-1.567990768530000079e+00
-1.727559879805000032e+00
-2.942439583775000145e+00
-1.691843767785000008e+00
-2.510213863855000227e+00
-2.733641374930000367e+00
-1.994943455500000073e+00
-3.006630608200000054e+00
-2.617553581005000130e+00
-2.849140591369999864e+00
-2.763320630705000003e+00
-3.907695798239999796e+00
-2.117835029015000092e+00
-2.460969532574999619e+00
-2.555969068005000011e+00
-2.966159357650000050e+00
-2.598317095305000102e+00
-2.755502887969999648e+00
-2.293171752914999750e+00
-2.648104636854999860e+00
-2.487576819200000067e+00
-2.884912978820000085e+00
-2.483038960420000052e+00
-2.673456292370000043e+00
-2.731087057859999945e+00
-2.656155225760000071e+00
-2.492246434180000136e+00
-2.207379911434999897e+00
-8.494154995208998971e-01
-8.400024299319049925e-01
-8.506291587508499896e-01
-8.104422158190000003e-01
-2.318731739364999989e+00
-2.603667514335000099e+00
-2.216683734140000084e+00
-2.429830975919999858e+00
-2.165196824279999710e+00
-3.128050888095000204e+00
-2.555438429759999686e+00
-2.679585839035000028e+00
-3.184058889150000127e+00
-2.125324355130000065e+00
-2.641888459050000026e+00
-2.438263629440000191e+00
-2.809088131050000214e+00
-2.869544091874999925e+00
-2.292440201739999850e+00
-2.920579246985000044e+00
-2.987637649065000289e+00
-2.784093754129999709e+00
-3.040115203430000079e+00
-2.635166250564999757e+00
-2.738561747554999926e+00
-2.870712109790000355e+00
-9.703792745857999780e-01
-2.083935711870000151e+00
-2.565908167769999970e+00
-2.740538587335000109e+00
-1.461015932258999950e+00
-1.935016801725000235e+00
-2.330935696650000111e+00
-2.432479619995000064e+00
-2.439437526504999898e+00
-1.548537915834999890e+00
-3.154089534709999754e+00
-1.915331416939999976e+00
-2.705640060764999966e+00
-2.925649778059999928e+00
-3.091506692820000346e+00
-2.738065590590000209e+00
-3.012939430529999907e+00
-2.438481746424999930e+00
-3.184366256629999725e+00
-2.958521866984999971e+00
-2.909413829640000060e+00
-2.702781097454999948e+00
-2.775419155055000253e+00
-2.382827929134999856e+00
-2.611458614775000076e+00
-2.700198847809999858e+00
-3.049949062910000119e+00
-2.884234589402999926e+00
-3.195037823339999861e+00
-3.010909932305000147e+00
-2.376516702134999992e+00
-2.540993883595000113e+00
-2.736121677925000384e+00
-3.177848913755000115e+00
-2.705036190384999983e+00
-2.495199672804999658e+00
-2.530220138935000307e+00
-2.127632903439999890e+00
-2.240218342724999978e+00
-3.192109865800000001e+00
-3.700027278399999897e+00
-2.075332350550000093e+00
-2.486688961070000037e+00
-2.742763407880000059e+00
-1.583369765665000095e+00
-3.113170376884999868e+00
-3.324175602254999973e+00
-1.581657002540000079e+00
-2.201641467154999976e+00
-2.545245438894999879e+00
-2.712074838429999968e+00
-2.988351592909999965e+00
-3.007862552835000258e+00
-2.177323911254999800e+00
-3.014302769184999953e+00
-2.889525015224999827e+00
-2.100359306595000142e+00
-2.919990586725000004e+00
-2.371165690055000219e+00
-2.035101828160000181e+00
-2.475913595945000267e+00
-1.859934583230000049e+00
-2.168206176375000016e+00
-2.293941421059999985e+00
-2.453637940500000170e+00
-3.060031965254999875e+00
-3.165073943084999897e+00
-3.011097797329999715e+00
-2.864829651039999980e+00
-2.669157708744999802e+00
-3.039740475254999907e+00
-2.756925405860000122e+00
-2.663168078034999997e+00
-2.391177472509999902e+00
-2.856456877174999853e+00
-3.148685487069999844e+00
-2.778820071514999768e+00
-2.601384275250000044e+00
-2.435933581350000043e+00
-2.624309272260000103e+00
-2.717716408474999845e+00
-2.711431048460000159e+00
-2.996000540869999895e+00
-2.357279811610000220e+00
-2.682341272840000013e+00
-3.050149656614999927e+00
-2.875396700745000089e+00
-2.608428661600000087e+00
-1.263917209284000087e+00
-1.664831226795000063e+00
-2.853524940195000248e+00
-3.584488230955000354e+00
-9.907042596780000210e-01
-4.270184246557999774e-01
-2.214820109535000192e+00
-2.279472485550000371e+00
-2.268853378104999763e+00
-3.171609238044999834e+00
-2.624254898940000302e+00
-2.420795901640000025e+00
-2.373428331870000019e+00
-2.444971375530000213e+00
-3.707529396194999993e+00
-2.604360782440000133e+00
-1.991935726749999969e+00
-2.124392376104999869e+00
-2.751864057655000195e+00
-2.882877569649999749e+00
-3.028553901555000039e+00
-2.118908074295000166e+00
-2.880060041625000178e+00
-2.711815755514999982e+00
-2.646360610834999960e+00
-2.428945963254999896e+00
-3.169066355085000009e+00
-2.162886016545000345e+00
-2.975689734659999974e+00
-2.380655473085000029e+00
-3.197019682365000115e+00
-2.115328812745000064e+00
-2.004200664924999931e+00
-2.706493023510000206e+00
-1.830253602255000001e+00
-1.086376938770500011e+00
-2.157423721849999865e+00
-1.898270559069999752e+00
-2.823238582475000147e+00
-2.880394027464999951e+00
-1.936877652624999779e+00
-3.017034875779999847e+00
-1.801675476380000029e+00
-2.373834495200000116e+00
-2.355035576015000132e+00
-2.241525042840000204e+00
-2.714911189484999987e+00
-2.362326361875000114e+00
-2.333067227389999942e+00
-3.100325475004999998e+00
-2.803360356015000221e+00
-2.712580463280000131e+00
-2.990776587310000068e+00
-2.442270933135000099e+00
-2.066651429184999778e+00
-1.985296271784999789e+00
-2.567365596580000187e+00
-2.842239198099999697e+00
-3.012339786455000112e+00
-2.902736093239999704e+00
-2.770606183319999971e+00
-2.320333228680000026e+00
-3.117069279399999893e+00
-3.216685407494999982e+00
-2.845712759020000426e+00
-2.508608751369999723e+00
-3.375846455435000060e+00
-2.215896121904999738e+00
-2.342883124655000149e+00
-2.255389490264999797e+00
-2.702289861059999687e+00
-2.875049347944999667e+00
-2.342559096700000065e+00
-2.482946434370000066e+00
-3.220884946820000039e+00
-2.710992787754999966e+00
-2.699211839335000196e+00
-2.906608266365000137e+00
-1.995715058469999859e+00
-2.329314715479999798e+00
-2.540868877714999918e+00
-2.598010715335000054e+00
-2.757246594325000189e+00
-3.325201883700000138e+00
-2.667224218689999926e+00
-2.550545926315000322e+00
-3.066062639750000152e+00
-3.048975593369999793e+00
-2.271172087040000065e+00
-2.608362335779999874e+00
-3.161709184134999795e+00
-2.967883277584999924e+00
-1.866454220115000062e+00
-2.609469289895000266e+00
-2.799161339724999920e+00
-2.809338223005000135e+00
-2.940578229895000284e+00
-3.171280975280000192e+00
-2.174563832770000094e+00
-2.515503098294999962e+00
-3.041390510109999834e+00
-2.551032093895000408e+00
-3.022722097449999978e+00
-2.170397586905000065e+00
-1.914721934380000157e+00
-2.952280505020000057e+00
-2.923318278054999997e+00
-2.735504974494999963e+00
-2.383407530384999973e+00
-2.311521713899999941e+00
-2.549631458764999969e+00
-2.713888518940000161e+00
-2.615933705795000286e+00
-2.579475791984999766e+00
-2.592079978340000146e+00
-2.439855934395000148e+00
-2.877316400065000224e+00
-2.565841411650000126e+00
-2.729843474209999954e+00
-1.984897873700000037e+00
-2.713620001059999787e+00
-2.566041963575000029e+00
-2.640854867659999883e+00
-2.479965105485000265e+00
-2.076324507624999871e+00
-2.627922301319999931e+00
-3.186347306400000079e+00
-2.262367525644999766e+00
-2.924516182855000146e+00
-2.119940341572999820e+00
-2.701297928685000294e+00
-2.324738297445000157e+00
-2.383048209675000084e+00
-2.819965634169999902e+00
-2.155893120480000036e+00
-2.820862498130000340e+00
-2.826803136040000108e+00
-2.677194315815000003e+00
-3.098069774149999844e+00
-2.890426477350000134e+00
-2.689902900624999926e+00
-2.916110923759999807e+00
-2.820502699745000008e+00
-3.432958166279999723e+00
-2.180257936240000305e+00
-1.741374646839999984e+00
-2.737001658875000132e+00
-2.593366382264999714e+00
-2.527386911434999828e+00
-9.454216450540000594e-01
-2.339425294129999777e+00
-1.987393165679999907e+00
-1.600017450364000116e+00
-2.216041109309999868e+00
-2.532118237269999739e+00
-2.244889270324999853e+00
-2.549126541015000136e+00
-2.276794083209999986e+00
-2.696806055955000225e+00
-2.324000258415000353e+00
-2.641715461084999994e+00
-2.569827978639999788e+00
-2.181244524244999816e+00
-1.755876986100000092e+00
-2.532015034655000107e+00
-2.466635542609999732e+00
-3.458711776404999938e+00
-2.705720277190000189e+00
-2.410577029275000172e+00
-2.689786642295000085e+00
-2.732132482995000000e+00
-2.527198549084999968e+00
-2.799246959515000022e+00
-2.125533056445000124e+00
-1.609248478750000100e+00
-1.756103049640000080e+00
-2.545796358065000042e+00
-3.013854809215000152e+00
-2.735942805100000097e+00
-1.866529642779999998e+00
-1.181585165975500118e+00
-2.806924617620000006e+00
-2.490510687475000040e+00
-2.788650242695000170e+00
-2.129815176725000203e+00
-3.031513480210000111e+00
-2.747011076735000223e+00
-2.322121156880000203e+00
-3.256100669645000334e+00
-2.495648858575000073e+00
-1.583440379085000016e+00
-2.136680840144999927e+00
-1.999155580625000095e+00
-2.653861619249999748e+00
-3.339465362984999963e+00
-3.253503263144999824e+00
-2.727939024080000330e+00
-2.530838646209999876e+00
-2.261811810924999833e+00
-3.049998731110000083e+00
-2.649023947924999955e+00
-2.920198391135000016e+00
-3.178539741724999868e+00
-3.011987440825000029e+00
-2.896129452069999832e+00
-3.392287523609999855e+00
-2.701975085474999982e+00
-3.027598123469999791e+00
-2.471614370550000217e+00
-2.249914200885000160e+00
-2.832365097029999834e+00
-2.952014446529999780e+00
-2.648948137565000138e+00
-2.500230739915000111e+00
-2.928247784909999929e+00
-3.572575138584999976e+00
-2.902879547409999983e+00
-2.939608574440000233e+00
-2.791347842485000008e+00
-3.197420660665000192e+00
-2.699058106624999898e+00
-3.707733528790000399e+00
-2.367383627285000181e+00
-3.618784447240000368e+00
-2.515310797284999733e+00
-2.623809624809999796e+00
-3.403880632205000367e+00
-2.811215247815000318e+00
-3.489283322549999955e+00
-3.055359614044999894e+00
-2.816522452710000124e+00
-2.900937792485000166e+00
-2.474535386959999972e+00
-3.124044240489999957e+00
-2.849642439100000146e+00
-2.987037382685000075e+00
-2.684135433155000250e+00
-2.825361098364999712e+00
-2.755991934424999901e+00
-2.559162264634999850e+00
-2.856017530459999954e+00
-2.779479659299999739e+00
-2.512913819400000026e+00
-2.748225569925000222e+00
-2.865342209785000094e+00
-2.999735271975000117e+00
-2.796015034769999907e+00
-2.125343839155000136e+00
-2.836158923520000208e+00
-2.871551767215000162e+00
-2.920759223794999748e+00
-2.752212631484999950e+00
-2.703433024010000185e+00
-3.126114108304999917e+00
-2.182961045319999904e+00
-1.362784723254999886e+00
-2.512518055190000155e+00
-2.503308705834999870e+00
-1.617328172569999944e+00
-2.069791985324999750e+00
-2.451263228159999752e+00
-2.808305106215000180e+00
-2.718260140329999963e+00
-2.827988483019999943e+00
-2.881617935970000044e+00
-2.935017384010000008e+00
-2.608309028049999867e+00
-2.965883267844999782e+00
-2.416944065055000035e+00
-2.860378826359999849e+00
-3.299376254044999790e+00
-3.296856092100000080e+00
-2.514393957624999842e+00
-3.014709190679999651e+00
-2.892060543885000001e+00
-2.838351465045000133e+00
-2.602588431735000096e+00
-2.885783715725000143e+00
-2.507368193130000034e+00
-3.058539263459999713e+00
-2.899767373240000001e+00
-3.038029559329999962e+00
-1.204288379849499879e+00
-2.849777252545000028e+00
-2.548009191664999840e+00
-9.353059786594999370e-01
-1.365502633441499913e+00
-2.429385670609999881e+00
-2.808365388284999931e+00
-2.231057072300000055e+00
-1.827720693334999869e+00
-1.868974705179999862e+00
-3.174915235890000353e+00
-1.504201687275000143e+00
-2.930165308400000335e+00
-2.170998922579999935e+00
-2.461599886225000144e+00
-2.372341576120000184e+00
-2.739740752024999892e+00
-2.576375494459999693e+00
-2.840844461979999735e+00
-2.527617585254999799e+00
-2.749225035860000332e+00
-2.396830066235000167e+00
-2.631093721750000114e+00
-2.609888912875000244e+00
-2.491058910480000055e+00
-2.524422912959999987e+00
-2.534914772185000054e+00
-2.529996425704999830e+00
-2.446096966244999837e+00
-3.205964448619999629e+00
-3.152640111540000234e+00
-2.448280837400000021e+00
-1.329602147307499926e+00
-2.833573625690000153e+00
-2.549119699030000241e+00
-2.962177283339999967e+00
-2.687599953529999919e+00
-2.505673146909999982e+00
-2.176857915630000306e+00
-2.241222678295000215e+00
-2.837615507504999801e+00
-3.202139588255000113e+00
-2.344553002085000060e+00
-2.388210120475000142e+00
-2.339249477195000093e+00
-3.127555963974999909e+00
-2.657481957054999899e+00
-3.334632192915000459e+00
-3.679358978739999841e+00
-2.663712402149999825e+00
-2.919319477184999734e+00
-2.172262459365000176e+00
-2.904873376930000362e+00
-2.540913787185000050e+00
-2.699763125845000111e+00
-2.181060679584999829e+00
-3.163023246999999927e+00
-2.974127393544999887e+00
-2.924231053215000209e+00
-2.863725385790000022e+00
-2.156308205560000246e+00
-2.520935675315000069e+00
-1.992108743774999802e+00
-2.121251834219999743e+00
-3.163345403584999715e+00
-2.818984699120000048e+00
-2.830790961334999967e+00
-2.828824910139999815e+00
-2.588237096979999929e+00
-2.063271589754999802e+00
-2.564951857190000073e+00
-2.210071305055000046e+00
-2.033008454925000041e+00
-2.233925463234999853e+00
-2.277811029535000031e+00
-2.886034350195000098e+00
-2.251662058505000008e+00
-2.721552744534999846e+00
-1.737984096044999927e+00
-2.565325483035000076e+00
-2.305877059809999796e+00
-2.758976890015000016e+00
-1.958434514264999926e+00
-2.500231874004999799e+00
-2.976548615230000028e+00
-2.574243129910000150e+00
-2.356956734755000227e+00
-2.507215111539999874e+00
-3.161721860594999711e+00
-2.598942930709999821e+00
-1.967440586985000017e+00
-2.086465295780000062e+00
-2.499013492130000014e+00
-1.427866970009999958e+00
-2.452022068474999816e+00
-2.247142967214999842e+00
-2.940118144089999941e+00
-2.470745622374999950e+00
-2.702180999259999883e+00
-2.693273466720000009e+00
-2.837858956259999843e+00
-2.843557577070000342e+00
-2.617190313500000087e+00
-7.698658817904999729e-01
-1.045831140399499981e+00
-2.552415021109999849e+00
-2.803427132950000011e+00
-2.683946671764999792e+00
-2.530720221160000172e+00
-2.873047205915000291e+00
-2.179550887265000014e+00
-2.513009716860000076e+00
-2.629055478850000238e+00
-2.071750389590000019e+00
-2.207228251410000119e+00
-2.596776923634999790e+00
-2.709274531340000181e+00
-2.369555221409999746e+00
-2.255726788765000101e+00
-2.559220886074999868e+00
-2.465649845155000186e+00
-2.973267921580000195e+00
-2.686434076130000292e+00
-2.749560264874999937e+00
-2.640814640544999925e+00
-2.684455586714999953e+00
-3.226066778665000356e+00
-2.610943217055000432e+00
-2.131307510980000153e+00
-3.053562056499999677e+00
-2.644525184394999950e+00
-2.528843915840000012e+00
-1.956811891525000124e+00
-1.881031412804999858e+00
-2.596796543615000008e+00
-3.348634107755000144e+00
-2.470388870164999862e+00
-2.928073470014999735e+00
-2.846861301915000197e+00
-3.055955669474999858e+00
-2.478018793825000010e+00
-2.916514493954999843e+00
-2.949692036460000111e+00
-3.177464113220000108e+00
-2.554459127284999909e+00
-2.846230009770000180e+00
-1.913870855894999945e+00
-2.315554802670000356e+00
-2.225803989220000112e+00
-2.202018348730000241e+00
-2.520866397169999829e+00
-3.068518155505000067e+00
-2.769129947845000217e+00
-2.676529774405000062e+00
-2.648856964684999760e+00
-3.088082772729999981e+00
-2.865686741710000263e+00
-2.309168812814999860e+00
-2.527461321265000116e+00
-2.979084916279999717e+00
-3.015006908020000154e+00
-3.192794588005000378e+00
-2.511856805144999871e+00
-2.332471370234999952e+00
-2.572750050029999791e+00
-2.059737404344999856e+00
-2.531245052030000053e+00
-2.200170555045000143e+00
-2.189518214415000052e+00
-2.348894389184999820e+00
-2.398875959060000174e+00
-2.379394241074999972e+00
-2.442176534695000178e+00
-2.715073077030000004e+00
-1.454346037216500021e+00
-3.030425563269999678e+00
-1.225272048673500036e+00
-2.049831052075000049e+00
-2.484059026095000178e+00
-2.783468948794999953e+00
-2.466834426095000143e+00
-2.301070776835000053e+00
-1.075979209405000026e+00
-2.639022181125000088e+00
-2.687796559309999722e+00
-3.081148652695000045e+00
-2.520252891145000174e+00
-2.267481105684999942e+00
-2.649175339085000136e+00
-2.319435415505000098e+00
-2.538288787104999944e+00
-2.428403621624999786e+00
-2.403692293974999838e+00
-3.090605795050000104e+00
-2.859325784690000205e+00
-2.686334826504999995e+00
-2.396226546874999919e+00
-2.354238617205000050e+00
-2.320585145719999964e+00
-2.493941615705000281e+00
-2.659382399430000099e+00
-2.779956002065000042e+00
-2.866390468149999649e+00
-3.000528990714999900e+00
-1.837082890555000070e+00
-2.139118004614999791e+00
-2.550221607930000189e+00
-2.331624021275000125e+00
-2.265927177805000081e+00
-2.735090456830000072e+00
-2.560005176095000223e+00
-2.508537703505000049e+00
-2.445025906459999732e+00
-2.801725360049999836e+00
-2.331762210680000003e+00
-2.718659859109999744e+00
-2.202969733885000281e+00
-2.197054600319999995e+00
-3.589299501084999733e+00
-2.876991671744999923e+00
-2.470850210395000079e+00
-3.470596395769999898e+00
-2.572284337025000145e+00
-2.823245179460000198e+00
-2.888161748069999923e+00
-2.777354897980000015e+00
-3.183133892219999872e+00
-2.431008739064999702e+00
-3.476307714539999871e+00
-2.947442375720000118e+00
-2.366641341924999864e+00
-2.711989387180000044e+00
-2.569331897235000106e+00
-2.623630711060000120e+00
-2.728925980530000128e+00
-2.464405261230000033e+00
-2.361026885220000260e+00
-2.084531777040000033e+00
-2.128175277770000040e+00
-2.698929653380000016e+00
-2.757934762255000116e+00
-2.924477813489999800e+00
-3.039386633874999966e+00
-2.870762168679999782e+00
-2.529295998139999835e+00
-3.241335746609999902e+00
-3.057634505920000301e+00
-2.771208534534999934e+00
-3.434293486389999650e+00
-2.651092400255000037e+00
-3.387735627225000101e+00
-2.850863167855000047e+00
-2.671586693560000114e+00
-1.802302566020000052e+00
-2.728710979055000152e+00
-2.953968310680000098e+00
-3.450201097749999946e+00
-2.424998410879999788e+00
-2.681620651184999815e+00
-2.981054786870000139e+00
-2.059787385269999938e+00
-2.209861461190000043e+00
-2.699429574774999896e+00
-2.460986065810000234e+00
-2.677892094669999778e+00
-3.145901500349999935e+00
-2.774822899864999748e+00
-3.113857278879999857e+00
-2.517340908400000021e+00
-3.078560271939999815e+00
-2.824680950274999880e+00
-2.060181618060000108e+00
-2.632018304524999852e+00
-3.024889962540000088e+00
-2.831604614895000260e+00
-2.598066427790000077e+00
-2.816717293454999993e+00
-2.666516576699999863e+00
-2.878594288865000017e+00
-2.213990786180000114e+00
-2.720438278000000043e+00
-2.228792377125000002e+00
-2.760729805044999985e+00
-2.368286537714999973e+00
-2.660994418900000102e+00
-3.010231529904999981e+00
-2.789907358019999783e+00
-2.325254838484999809e+00
-2.672944443745000065e+00
-2.674435437699999696e+00
-2.791001452849999787e+00
-2.607183102045000034e+00
-3.027939821839999990e+00
-2.572689377650000164e+00
-3.225322869219999777e+00
-3.029582559599999669e+00
-2.759378291985000065e+00
-2.686084842495000125e+00
-2.307923865734999858e+00
-2.097599186760000123e+00
-2.111715301229999842e+00
-2.272235877219999978e+00
-1.648754874400499837e+00
-1.759713886719999953e+00
-2.302863677930000019e+00
-1.759059017105000011e+00
-2.551570789030000341e+00
-2.954329016315000001e+00
-3.455973412090000085e+00
-3.566661622489999850e+00
-2.911511067724999791e+00
-2.698893766499999902e+00
-2.752838391550000097e+00
-2.584623117685000082e+00
-2.780947836124999739e+00
-2.624022294800000044e+00
-2.912320098264999935e+00
-2.662626743839999754e+00
-3.508215519474999766e+00
-2.184709576104999940e+00
-2.573579711359999855e+00
-2.942662430014999941e+00
-2.774806668430000123e+00
-2.557404375780000017e+00
-2.862637506040000002e+00
-3.525358388525000386e+00
-3.395991657865000235e+00
-1.941874491964999949e+00
-2.023660422524999891e+00
-2.890900406824999713e+00
-2.847487061999999902e+00
-2.839913831860000126e+00
-2.198653874535000163e+00
-2.390788007110000279e+00
-2.042677494209999889e+00
-2.721926518550000118e+00
-2.587794089990000046e+00
-1.749891642505000178e+00
-1.013516708355499896e+00
-2.943330342920000398e+00
-3.232468994895000058e+00
-3.407961250980000134e+00
-2.782425376775000014e+00
-3.064950230210000015e+00
-3.066875081320000085e+00
-2.680501741005000049e+00
-2.770633155740000131e+00
-2.795133558325000322e+00
-2.694606536900000293e+00
-2.741832887034999722e+00
-2.411878931720000008e+00
-3.302556335309999813e+00
-3.046833353444999837e+00
-3.315064582665000259e+00
-2.456984660999999903e+00
-2.903005562795000216e+00
-2.556917234190000165e+00
-2.851084882494999917e+00
-1.988080982724999890e+00
-2.861016622484999772e+00
-1.654193062310000073e+00
-2.401539524414999960e+00
-1.145192307914499885e+00
-2.761854597444999726e+00
-2.146379453369999801e+00
-2.982805009614999836e+00
-2.768192806880000134e+00
-2.330503555329999976e+00
-2.882587108375000096e+00
-2.600748075934999903e+00
-2.161846540455000021e+00
-2.833929563284999897e+00
-2.924682992524999747e+00
-2.858913543154999903e+00
-2.395991987104999943e+00
-2.169870751619999982e+00
-1.814322140854999876e+00
-1.260486477281999917e+00
-3.228948617090000361e+00
-1.704114456100000119e+00
-1.458023082162499984e+00
-2.808898874395000078e+00
-3.092528781379999980e+00
-3.036592333895000273e+00
-1.990106595704999926e+00
-2.495572949415000075e+00
-2.556734305995000067e+00
-2.120682301835000061e+00
-2.278142778210000330e+00
-2.960633880909999682e+00
-2.556656468729999965e+00
-2.318141024525000038e+00
-2.999437709404999985e+00
-2.567086721574999952e+00
-2.721621520030000241e+00
-2.460240153570000032e+00
-2.213293309990000068e+00
-2.287158865159999888e+00
-2.005936858420000135e+00
-2.323630543044999719e+00
-2.392112712714999923e+00
-3.410589369790000269e+00
-2.427143122499999972e+00
-3.097649527285000204e+00
-2.557792140614999710e+00
-1.677615655924999949e+00
-2.836405539140000265e+00
-2.631755560035000219e+00
-2.905159966104999825e+00
-2.521334302775000147e+00
-1.996174546935000071e+00
-2.584361924695000035e+00
-1.463842729865000081e+00
-1.142947371887000019e+00
-2.592369185639999962e+00
-1.325009006219999952e+00
-2.437218303105000317e+00
-2.510403502329999981e+00
-1.788741258680000001e+00
-1.932965354199999819e+00
-1.637282996855000006e+00
-1.902974037584999945e+00
-2.568581328285000076e+00
-2.258739644634999877e+00
-2.407552863054999825e+00
-2.629335835290000034e+00
-1.907438007634999932e+00
-2.354661486879999988e+00
-2.734400868559999864e+00
-2.705494468139999942e+00
-2.393999881610000102e+00
-1.163395947687499987e+00
-1.888853467225000138e+00
-1.746187718699999891e+00
-9.770477337565000031e-01
-2.649114816525000027e+00
-2.228937348609999702e+00
-2.772441671510000205e+00
-2.605621705369999930e+00
-2.746426721679999794e+00
-2.768937723225000092e+00
-2.636829887034999764e+00
-1.309840760693999906e+00
-2.656425190944999848e+00
-2.752969178894999924e+00
-2.794444115745000179e+00
-1.697383809680000022e+00
-2.568625669204999795e+00
-1.976423263580000089e+00
-2.489740464225000061e+00
-2.091203458809999916e+00
-2.666588260210000172e+00
-2.982275176159999930e+00
-2.559793262979999984e+00
-2.677181498194999953e+00
-2.441384627959999776e+00
-2.888845904380000107e+00
-3.070452973080000092e+00
-8.944956559240000438e-01
-9.055900320099999901e-01
-1.246883055566999854e+00
-1.276536621460500065e+00
