-1.385503927268499913e+00
-9.145751905776500212e-01
-6.195699027450000118e-01
-2.853135328548900063e+00
-1.765272065469349894e+00
-2.379496075961699653e+00
-1.389304521441200091e+00
-2.768615726556500345e-01
-1.693283784188599927e+00
-6.273641151999999721e+00
-2.240258393573950180e+00
-1.074597684018399946e+00
-1.655445380284299883e+00
-1.801134254837599924e+00
-3.419302479162499853e-01
-1.234926265334350015e+00
-2.025122419365149806e+00
-1.111818547427999987e-01
-2.064290103723349645e+00
-1.632456432268450053e+00
-2.363329275468499802e+00
-1.984667277835900023e+00
-1.699867262706600046e+00
-2.499002934890699912e+00
-1.835276926947600140e+00
-1.443912688294799906e+00
-2.035811962930250019e+00
-2.128488191778550309e+00
-1.097091620451100091e+00
-1.619696420631000056e+00
-1.847037468954499939e+00
-1.369422533777399975e+00
-1.999802545182500113e+00
-2.215552122769150145e+00
-9.557255225698000345e-01
-1.500120931454300033e+00
-1.501959998418049835e+00
-1.329073870155000003e+00
-1.238977312060399960e+00
-4.803512327467470040e-03
-2.043491979120399815e+00
-2.089521213584100146e+00
-2.326738250164950284e+00
-1.878810582746116495e-02
-2.088132663219750107e+00
-2.081470788337850042e+00
-1.638112003991799792e+00
-2.165793869745849864e+00
-2.524181810548200122e+00
-9.126084202851999505e-01
-2.181005701161499832e+00
-1.466712919380299907e+00
-1.777892464462150102e+00
-1.806959349804750037e+00
-1.869580149923800061e+00
-2.000270315099700102e+00
-1.941120546850400030e+00
-2.035190603934599718e+00
-1.620517870458400012e+00
-1.158785466191899927e+00
-8.873273328508499702e-01
-2.056372557310699900e+00
-1.546385524623850038e+00
-2.189907326890699668e+00
-1.432335125649500052e+00
-1.773761976070549862e+00
-1.702336027464999846e-02
-2.313665386491499998e+00
-1.838867711132750049e+00
-2.000576316518050124e+00
-2.391924891685799803e+00
-2.096339868037150111e+00
-8.242427698357499555e-01
-1.992328977568400106e+00
-1.777245294695749989e+00
-6.402171470780000373e-01
-1.933587958101950166e+00
-1.948040059595500084e+00
-1.677181056080000010e+00
-2.099047413830000153e+00
-1.561548085397649999e+00
-1.942187374539799949e+00
-2.134325970943999895e+00
-1.993112566602200042e+00
-1.747793167275200066e+00
-7.191525778152000337e-01
-2.031042984317350086e+00
-1.631310789325350008e+00
-2.215051514917049769e+00
-2.085351330765849998e+00
-9.718435439952500809e-01
-2.029179372219000133e+00
-1.627109929934100085e+00
-2.561587234218950293e+00
-1.234109783664000037e+00
-2.103799372776600229e+00
-1.280453482190750059e+00
-3.089475568540000161e+00
-1.666980010390900047e+00
-1.338229145844199941e+00
-6.027231395773048096e-03
-1.877229201933150016e+00
-5.709627278510000181e+00
-1.898459460543600041e+00
-7.319498518247999908e-01
-1.854916158804500004e+00
-2.704092345934500097e-01
-7.484397905556000596e-01
-1.410326866681300140e-01
-4.329239559759999523e+00
-2.041025533577849771e+00
-1.503752724747799974e+00
-6.948828083704999825e-01
-9.523556116663000060e-01
-1.293934442790150019e+00
-2.040379443885099953e+00
-2.386206173927599927e+00
-2.310152085193750260e+00
-1.305718805554799911e+00
-1.710323905329300009e+00
-2.123190225068349868e+00
-1.469356935528099983e+00
-2.146853203882700178e+00
-2.310738547414850075e+00
-1.829977247224499948e+00
-3.234132518526049160e-03
-2.270162045730649947e+00
-1.526001798812000043e+00
-1.472062569788199937e+00
-1.320115267379250001e+00
-2.305040556874499991e-01
-1.995453214642950002e+00
-1.993544116106349851e+00
-1.715227465566450116e+00
-1.717755975616000130e+00
-1.584486816929299824e+00
-1.027542298413449906e+00
-1.825993247125650143e+00
-6.585204263766499810e-01
-4.060161132654999783e+00
-1.575590094564999877e+00
-1.374330001914499944e+00
-9.612354988607499928e-01
-1.852784167260199899e+00
-1.432640245347549968e+00
-2.477627774429549845e+00
-2.336928867666050014e+00
-3.151046888184999784e+00
-9.524665741550000786e-02
-1.121018977803549976e+00
-1.804221060053099901e+00
-2.025122419365149806e+00
-9.651910021799362319e-03
-1.931327721240200024e+00
-9.605160103968000129e-01
-2.051361641497400079e+00
-1.988559659055450179e+00
-1.768390370272049816e+00
-1.994255680712750056e+00
-1.356819171772799981e+00
-7.453003988624999909e-01
-2.354248334521950259e+00
-1.887921127997099990e+00
-1.709479053529499915e+00
-1.393513044504300025e+00
-2.294227977568649823e+00
-4.416730432795000105e+00
-6.143572001538000205e-01
-1.417495089733199931e+00
-2.121487946684149861e+00
-1.824360159602300024e+00
-2.109680149216049738e+00
-2.108545882954299788e+00
-2.655014844950600139e+00
-7.199151699121000281e-01
-8.302308252415999679e-01
-2.149602330680250084e+00
-4.688630659910000276e+00
-1.773227115143649835e+00
-1.167877380408349985e+00
-1.951136727956099826e+00
-1.632972930139400036e+00
-2.070231077539999909e+00
-1.487544445168100138e+00
-1.956933726208599955e+00
-3.410201582970157297e+00
-5.586869278735000499e-01
-3.896786052181500093e-01
-2.108610512677350002e+00
-2.435763697890899859e+00
-9.626162238469500032e-01
-6.622574496909499064e-01
-1.516304311325449961e+00
-2.065076930468100258e+00
-1.757591318408850078e+00
-7.222922460490500685e-01
-1.693685762206649903e+00
-1.565552257848799922e+00
-1.546206103631900142e+00
-1.380875641683499966e+00
-8.136876286042500350e-01
-1.594031232138850118e+00
-2.289764405359150157e+00
-3.192435283148500336e-01
-1.440609455432599884e+00
-2.030886469680300177e+00
-2.189010906272000234e+00
-2.196018114990499814e+00
-1.330847386003200183e+00
-2.679981828604999783e-01
-1.706169656924950040e+00
-2.067168377313149730e+00
-2.368822457743999799e+00
-2.192374701012299809e+00
-1.567703564326400123e+00
-1.315672672800100029e+00
-1.566300542583549893e+00
-2.425167897934950023e+00
-2.408352934234899934e+00
-2.169951075194899826e+00
-1.815496928681249900e+00
-1.896926742807850008e+00
-2.008043161373000096e+00
-4.280155088586500289e-01
-2.101800894629199945e+00
-1.150215363610449959e+00
-2.119272747874000051e-01
-2.139406801515250311e+00
-2.126338827054800262e+00
-1.309237826519049852e+00
-1.268442812234650052e+00
-2.509910866645149952e+00
-2.730265017530500091e-02
-2.587323787105550110e+00
-1.722261782259999929e+00
-1.595085798347549932e+00
-1.066782255406300006e+00
-2.016521365220349971e+00
-2.800415042173499902e+00
-1.819061828984749996e+00
-1.741279340630499828e+00
-8.307330332790000341e-03
-1.632656333906250090e+00
-5.673485644746499856e-01
-1.757845182267500084e+00
-2.009795347257550269e+00
-2.454264565716650193e+00
-2.301884620537000270e+00
-2.076266992531099920e+00
-1.667677114893350021e+00
-1.648966107231649936e+00
-2.328301378387100051e+00
-1.193899513988699868e+00
-1.365637105905550097e+00
-1.444550468709999924e+00
-2.247334800902050400e+00
-2.063676167040700005e+00
-1.672097020826250002e+00
-2.210459506167500088e+00
-2.062325267654399941e+00
-1.957929022946400144e+00
-1.141706101297500053e+00
-1.989440600729150077e+00
-1.757107550741650037e+00
-1.050834643295949888e+00
-2.383557181634549771e+00
-2.316460751341399948e+00
-9.808561859152500340e-01
-2.399441750441799748e+00
-2.271757004971000082e+00
-9.141187619445000356e-01
-1.769591296023149907e+00
-1.986858254286499870e+00
-6.782697402647499541e-01
-1.309140957511349956e+00
-1.902148079113999968e+00
-2.214998539891499973e+00
-1.785651459021599941e+00
-1.563075604743749958e+00
-2.118876550497400313e+00
-1.897834549270999815e+00
-8.551058839209000340e-01
-1.672690976328050194e+00
-1.799084462840500054e+00
-1.828051684486000084e-01
-1.761557760641750070e+00
-1.437534744406099962e+00
-5.713256981384000621e-01
-9.417913177686499937e-01
-5.294184299930000392e+00
-1.701046524616799838e+00
-1.709275352435700057e+00
-1.093207332831600098e+00
-1.487337804159049925e+00
-8.851557407523499288e-01
-2.131343771062700121e+00
-1.783914476249649939e+00
-1.902653261394900097e+00
-2.326738250164950284e+00
-2.260004260532999965e+00
-1.390789361406750135e+00
-8.812093817049998848e-03
-1.751358550091050015e+00
-1.826904316981099896e+00
-1.608050141978999981e-01
-2.373927767777600284e+00
-2.268873960214450314e+00
-2.080762987702299949e+00
-1.873006251346099882e+00
-1.871062099733449946e+00
-2.048496113239699934e+00
-2.345083363526100140e+00
-1.510029781242249847e+00
-1.933360073316500172e+00
-1.982019532020000030e+00
-1.412606055616449918e+00
-2.217346592414850104e+00
-2.351506398809799947e+00
-2.627689671130000182e+00
-2.093082904399800270e+00
-1.606302774798999966e+00
-4.564898608339499897e-01
-1.840358179731000021e+00
-2.203296706185900344e+00
-1.440627930471299889e+00
-2.808341693310500098e+00
-7.294758893605000072e-01
-2.216429106244349967e+00
-2.000576316518050124e+00
-5.188482318730000209e+00
-1.566437685921050038e+00
-1.937138122546999908e+00
-2.245046000944499909e+00
-1.385503927268499913e+00
-2.138104472135000211e+00
-1.937901554011300043e+00
-3.977528304109499979e-01
-2.134706176110900078e+00
-1.873978826525000141e+00
-1.410065619214500021e+00
-1.949021845867300096e+00
-1.812061172942249998e+00
-7.729787930702000098e-01
-1.650857042670150099e+00
-2.089342173834849881e+00
-2.002562084183550084e+00
-1.092136452846449890e+00
-2.245373549700500071e+00
-1.502136354755100101e+00
-2.316874407225550048e+00
-2.132467764080000008e-02
-1.665260883442799988e+00
-1.538471083768899961e+00
-1.619142721870399981e+00
-1.973448123266100085e+00
-1.824806729956799822e+00
-1.762652858670149980e+00
-1.238308230897999934e-01
-2.083422655749999741e+00
-1.656761875484900060e+00
-1.153070600777249988e+00
-8.612194004237500033e-01
-1.853153784147850036e+00
-2.351600385448649799e+00
-1.321782327175699878e+00
-2.129391081196000179e+00
-2.800337088450350009e+00
-1.339161250505449985e+00
-1.647675471335799946e+00
-3.585783068546999908e-01
-1.631511271268700103e+00
-1.173567013957049987e+00
-1.187314178651000113e-01
-2.132428330410299999e+00
-1.912107482955699878e+00
-1.601966758705050120e+00
-1.671436434404750093e+00
-1.828900486158799854e+00
-1.351266481333450065e+00
-1.752241451729299904e+00
-1.855709871062849903e+00
-2.416459766714999791e-02
-1.163237444377500207e+00
-5.871301876136000297e-01
-2.315242180699999874e+00
-2.730265017530500091e-02
-2.181604489452549700e+00
-1.750830753618549895e+00
-6.502091279788234889e-03
-1.796698148718649968e+00
-8.307330332790000341e-03
-9.645049969060000283e-02
-2.275751147067550217e+00
-1.138913998060105993e-02
-1.450620795406150076e+00
-2.042426563095600223e+00
-1.322625185097549894e+00
-1.336741660302950052e+00
-2.004743653177500029e+00
-1.400898808512849980e+00
-2.107440682128249865e+00
-2.004087669980299857e+00
-1.964360827438949908e+00
-1.077146636799200197e+00
-2.719976372576099699e+00
-1.746603666975699909e+00
-2.084822283058150205e+00
-1.647388335814500143e-02
-1.535013196609850139e+00
-1.370973175047700110e+00
-2.496583972124899908e+00
-1.036744854084799883e+00
