-2.516569850134999786e+00
-1.639420593486000000e+00
-2.271927912375000247e+00
-2.993591767195000308e+00
-2.755545713970000143e+00
-3.720598898895000062e+00
-2.324837752150000103e+00
-3.130202543110000235e+00
-3.339922609584999869e+00
-2.359505415375000137e+00
-1.587387665412499871e+00
-3.457134491914999774e+00
-2.682072245370000108e+00
-2.705021824265000152e+00
-2.765913221934999999e+00
-2.919542802585000096e+00
-1.581212032578500182e+00
-3.009167983854999839e+00
-2.763290049680000138e+00
-2.100233813955000084e+00
-2.086818907715000115e+00
-2.664065185870000185e+00
-2.554210530935000278e+00
-2.342834547254999844e+00
-3.130074014664999904e+00
-2.371885610969999725e+00
-2.529038386249999881e+00
-1.820683526186499979e+00
-2.122998713864999942e+00
-2.778196873389999766e+00
-2.545056010605000196e+00
-2.533777730825000241e+00
-2.493827243904999769e+00
-3.220991132099999987e+00
-2.836062797834999927e+00
-2.228287823035000059e+00
-2.622916622184999991e+00
-3.057447012624999960e+00
-2.477954242475000068e+00
-2.092328838129999813e+00
-2.718742890129999701e+00
-2.735083508105000227e+00
-2.493252769725000206e+00
-2.705865667324999890e+00
-2.106815481254999955e+00
-2.836357623759999669e+00
-2.817517758820000218e+00
-3.756323295279999641e+00
-3.322266501880000167e+00
-2.601623650015000067e+00
-2.727658577205000157e+00
-2.061565358160000194e+00
-2.126517498340000145e+00
-3.477921412449999750e+00
-2.623353484999999985e+00
-3.280120015945000134e+00
-2.849485280475000160e+00
-2.747037513240000006e+00
-2.818456021650000309e+00
-2.530563514679999848e+00
-2.355529282805000069e+00
-2.788572310704999779e+00
-2.591702702434999672e+00
-3.087652546550000210e+00
-2.439601298399999951e+00
-2.292496876059999966e+00
-2.124466111144999836e+00
-3.739940144530000232e+00
-2.675324226229999880e+00
-1.533434531716999949e+00
-2.878281819105000139e+00
-3.225253506919999680e+00
-3.112413701864999993e+00
-2.952580331394999646e+00
-2.553261202619999892e+00
-2.286627654695000178e+00
-2.924457065674999967e+00
-2.355443133340000106e+00
-3.090009975664999686e+00
-3.121294003130000050e+00
-1.491279612450500114e+00
-1.919679436325000044e+00
-2.703773978845000148e+00
-2.379435813369999764e+00
-2.730168628520000418e+00
-2.503761359889999927e+00
-2.645021896074999823e+00
-2.138402113760000223e+00
-2.612142003095000220e+00
-2.988527261669999824e+00
-2.536952827559999957e+00
-2.645261529409999923e+00
-3.343228853264999856e+00
-2.435253895919999856e+00
-2.651893672469999963e+00
-2.153484793190000079e+00
-2.574300776580000338e+00
-2.649643740350000165e+00
-2.188452026890000290e+00
-2.631182915344999707e+00
-2.864511850735000031e+00
-2.657931410815000284e+00
-2.180157783779999914e+00
-2.469169354344999956e+00
-2.796724909659999980e+00
-3.669163747629999861e+00
-2.072921263455000052e+00
-2.441109543095000056e+00
-3.350796483489999922e+00
-2.727366770379999750e+00
-2.860194762494999932e+00
-1.771277715296500022e+00
-3.662314255465000112e+00
-3.081185997344999983e+00
-2.130499355845000053e+00
-2.905796539815000301e+00
-1.656520895412499916e+00
-1.552467496442500039e+00
-2.614113411439999979e+00
-3.185696399344999818e+00
-3.041359437490000150e+00
-3.411186394555000057e+00
-2.567854119939999791e+00
-2.699530693869999887e+00
-2.234228991040000167e+00
-2.080567142820000104e+00
-3.025306951690000190e+00
-2.555542999205000054e+00
-2.169134176420000060e+00
-1.753908049232499877e+00
-2.868254605939999813e+00
-3.352734456719999923e+00
-2.043052850880000104e+00
-2.874907632230000232e+00
-2.371943130375000042e+00
-3.720598898895000062e+00
-3.001670738105000069e+00
-3.063659000474999949e+00
-1.958605905024999982e+00
-2.056655360355000184e+00
-2.512799139154999750e+00
-2.084475687754999917e+00
-3.897223522890000069e+00
-3.430069793484999963e+00
-2.351634827254999838e+00
-2.811282819195000116e+00
-2.231524396470000227e+00
-2.332512480944999744e+00
-2.256833092935000007e+00
-2.488489044035000042e+00
-2.632314375655000038e+00
-2.777098960380000037e+00
-3.328400098629999970e+00
-3.005565840184999615e+00
-2.357135330164999765e+00
-2.712438818945000385e+00
-2.584923532094999921e+00
-2.674688581379999874e+00
-2.622926084965000015e+00
-2.872494330779999938e+00
-2.287053840200000021e+00
-2.578447921174999991e+00
-2.505625094480000037e+00
-2.963605907919999893e+00
-2.330181207609999916e+00
-2.256514979154999878e+00
-3.887283959774999964e+00
-2.717217967819999913e+00
-2.755545713970000143e+00
-2.390733185804999827e+00
-2.742773033545000239e+00
-2.827539368754999671e+00
-2.974092777104999641e+00
-2.094511947605000035e+00
-1.896327221058500045e+00
-3.354395973799999986e+00
-3.303587880600000304e+00
-3.073764711169999941e+00
-1.709423804930999991e+00
-2.757658702260000094e+00
-2.248622851549999968e+00
-2.640707100370000227e+00
-1.736085094995500011e+00
-2.932567183135000199e+00
-3.317253798569999912e+00
-2.205512557905000115e+00
-2.773387917260000002e+00
-3.056408415439999970e+00
-1.786783178412999940e+00
-2.367853906995000202e+00
-2.541782224984999949e+00
-3.330906385739999642e+00
-2.633832574699999984e+00
-2.849443291490000085e+00
-2.317046009264999817e+00
-3.131131203199999824e+00
-2.734100047974999725e+00
-2.317341616250000236e+00
-2.895900429510000151e+00
-3.298377013205000097e+00
-2.883673591855000051e+00
-2.782185109054999828e+00
-2.388014714155000107e+00
-2.341338177409999943e+00
-1.997286299915000063e+00
-2.954027609705000224e+00
-2.118857054544999841e+00
-2.483403657320000235e+00
-2.458848547765000170e+00
-2.814114891530000051e+00
-2.747230408245000088e+00
-2.765709028329999875e+00
-2.463731481239999965e+00
-2.543817016384999796e+00
-3.500690351260000277e+00
-1.735237433014499953e+00
-2.369359149104999673e+00
-2.284334103239999969e+00
-2.532042658725000006e+00
-2.258075616754999793e+00
-2.943039585290000204e+00
-3.029479240755000191e+00
-3.453975847625000206e+00
-2.949588915520000132e+00
-2.802904592990000054e+00
-3.352656005355000080e+00
-2.340033024069999801e+00
-2.062329054854999733e+00
-2.229241396339999959e+00
-2.803845935700000069e+00
-2.610924324244999983e+00
-3.779898994165000303e+00
-2.744530340689999903e+00
-2.773887467545000263e+00
-3.607818217969999797e+00
-3.020990886264999897e+00
-2.466577799179999975e+00
-2.499542484474999604e+00
-1.958991730825000221e+00
-3.177593941040000036e+00
-3.250462843784999833e+00
-2.153587592835000120e+00
-2.087232372259999913e+00
-1.818047399699500133e+00
-2.815490563600000051e+00
-2.877444006750000227e+00
-2.638384970239999738e+00
-2.967496810900000170e+00
-2.598878482880000007e+00
-2.644577717744999834e+00
-2.607236857694999799e+00
-2.648903996450000076e+00
-2.743821303225000285e+00
-2.898126423545000385e+00
-1.964053118944999898e+00
-2.606414072189999764e+00
-2.665258120269999864e+00
-2.485509310174999875e+00
-2.747187790719999967e+00
-3.333466408780000112e+00
-2.579024459040000217e+00
-2.633725916504999987e+00
-3.335371269364999947e+00
-3.285260638650000065e+00
-2.112160302284999958e+00
-2.811852419165000061e+00
-2.619548583059999824e+00
-1.806180281811500032e+00
-2.252380678495000232e+00
-2.988011603939999983e+00
-2.990589904574999736e+00
-2.014239143904999807e+00
-2.930528463304999942e+00
-2.379435813369999764e+00
-2.235431965740000138e+00
-2.589557645090000193e+00
-2.090745140270000135e+00
-2.011404800750000277e+00
-1.477782441882000031e+00
-1.888641422811000004e+00
-3.080340546850000027e+00
-3.393509282170000141e+00
-2.997550828495000097e+00
-3.621872042849999751e+00
-2.920324778344999928e+00
-2.725275240110000219e+00
-2.885629933749999765e+00
-2.507872624080000001e+00
-3.333242334279999941e+00
-1.844806071133499925e+00
-2.634315163720000186e+00
-1.661080897470999851e+00
-3.070939452324999763e+00
-3.381206046715000024e+00
-3.490774791735000271e+00
-3.235577936854999948e+00
-2.855673805754999961e+00
-3.268595285784999582e+00
-2.547791086110000158e+00
-2.845464458454999956e+00
-2.966875400260000184e+00
-3.710798893629999817e+00
-2.779886190135000046e+00
-2.981339527004999823e+00
-2.386606895539999940e+00
-3.283152112029999792e+00
-3.149436369725000073e+00
-1.793783169132000088e+00
-3.105532419284999790e+00
-2.198725722034999830e+00
-2.595580366034999642e+00
-2.496725976870000085e+00
-1.988951452264999809e+00
-1.950415790645000147e+00
-2.570672184700000251e+00
-3.423039896909999769e+00
-2.348319765989999919e+00
-3.213345792440000182e+00
-1.685894018895000013e+00
-2.980901518359999613e+00
-2.348259867689999947e+00
-2.812965250915000048e+00
-3.207985442600000070e+00
-2.934827197749999783e+00
-2.419957134959999756e+00
-2.676099569175000248e+00
-2.839859528624999907e+00
-2.784997852450000089e+00
-2.545175575155000036e+00
-2.310849603879999936e+00
-2.906896678349999874e+00
-2.419957134959999756e+00
-3.010408580465000039e+00
-2.446660672760000210e+00
-2.829442419999999903e+00
-2.741764398009999937e+00
-2.821117386064999621e+00
-3.008571104180000066e+00
-2.461073874250000237e+00
-2.490669838365000111e+00
-2.522532424460000033e+00
-2.737947554089999791e+00
-3.371275377069999912e+00
-2.984680598365000215e+00
-2.689395219859999742e+00
-2.552852410759999913e+00
-1.742760839654999838e+00
-2.364484550689999853e+00
-2.402371073249999878e+00
-1.625785373242000009e+00
-2.383167134415000277e+00
-2.149302005835000084e+00
-2.620510047325000258e+00
-2.414913679935000168e+00
-2.660340323285000252e+00
-2.341944929564999889e+00
-3.897223522890000069e+00
-2.744478274525000039e+00
-2.617035643159999925e+00
-1.586803624437999938e+00
-2.926681528420000067e+00
-2.706589768855000244e+00
-2.436487617240000070e+00
-2.946912333310000243e+00
-2.134024330899999988e+00
-3.110547741720000037e+00
-2.826045380940000129e+00
-3.265644111134999861e+00
-1.649142629172499985e+00
-2.994002417569999963e+00
-2.826968756274999883e+00
-3.397832492855000108e+00
-2.797043035689999790e+00
-2.969967714864999664e+00
-2.095949655480000118e+00
-2.339421480780000007e+00
-2.148844087575000117e+00
-2.050567242925000144e+00
-2.863686998900000003e+00
-3.160398813745000091e+00
-2.803658491460000235e+00
-2.448360608259999793e+00
-1.589493808692999943e+00
-2.820808765139999785e+00
-2.975242436104999832e+00
-2.883670573295000317e+00
-2.492651692079999926e+00
-2.993620392830000032e+00
-1.668633217407500036e+00
-2.867978206044999645e+00
-2.646339595325000182e+00
-2.332177136474999912e+00
-2.562470091249999804e+00
-3.049436591294999666e+00
-2.791943352485000140e+00
-3.119343154940000140e+00
-2.838883288314999920e+00
-2.007790119700000098e+00
-2.345847925989999805e+00
-3.367024077159999962e+00
-2.733128910475000062e+00
-1.710595016331500018e+00
-2.419713404454999939e+00
-2.532207280889999801e+00
-2.353067517079999948e+00
-2.599210481364999659e+00
-2.943478615720000136e+00
-2.932375629710000098e+00
-3.721894165804999766e+00
-3.330906385739999642e+00
-2.769250674100000253e+00
-2.686076609025000117e+00
