-2.057010666710000102e+00
-2.383960194954999778e+00
-2.448024562575000118e+00
-2.906956469969999901e+00
-2.513909601544999983e+00
-1.687725261570000024e+00
-2.501998803744999833e+00
-3.048169093014999831e+00
-2.120270779830000230e+00
-2.790986980629999614e+00
-2.486806788810000057e+00
-2.214745999834999868e+00
-2.074381912679999829e+00
-2.380078270874999902e+00
-2.290061098159999808e+00
-2.450728315620000153e+00
-1.621294289474999983e+00
-2.505751375385000035e+00
-2.290561905285000144e+00
-3.322503012844999937e+00
-3.080307713609999887e+00
-2.586553623259999934e+00
-1.955699019574999920e+00
-2.371811093749999877e+00
-2.443759861734999816e+00
-3.045807342885000324e+00
-1.778926500294999880e+00
-2.557090021379999634e+00
-2.567729434120000320e+00
-2.443617249934999958e+00
-2.909329320649999939e+00
-1.874800377374999938e+00
-1.816608387180000062e+00
-1.983698473560000064e+00
-2.315968593015000021e+00
-2.922498599774999928e+00
-2.686469629259999881e+00
-1.590024288339999980e+00
-2.913375016545000307e+00
-2.136714703115000002e+00
-2.755082844359999950e+00
-3.179209255684999569e+00
-2.465059059639999717e+00
-2.651431317470000160e+00
-1.914804784180000219e+00
-3.012749725144999946e+00
-2.756825341159999887e+00
-2.798273977570000071e+00
-2.144317520735000038e+00
-2.421802858745000009e+00
-1.495044220420000070e+00
-2.264151460974999974e+00
-2.475836693689999812e+00
-2.524114401270000307e+00
-2.672316331360000241e+00
-2.678767518399999936e+00
-2.570372245029999725e+00
-2.585968318639999985e+00
-2.701577304825000247e+00
-3.008559962629999696e+00
-2.315733279504999853e+00
-2.277164799784999971e+00
-2.047792641565000071e+00
-3.045686880969999955e+00
-3.093641659934999844e+00
-2.585811686630000050e+00
-2.538680071219999945e+00
-2.196101496819999888e+00
-1.956722136094999787e+00
-2.350659058819999814e+00
-2.107543541024999634e+00
-1.432975338373499996e+00
-2.765312822104999846e+00
-2.734255518484999925e+00
-1.587135765984499791e+00
-2.861281571170000149e+00
-2.563640093234999640e+00
-2.407816264255000061e+00
-2.281838716490000252e+00
-3.112505864935000144e+00
-2.886718841029999982e+00
-2.523609797749999828e+00
-2.095519872925000193e+00
-2.465551275224999728e+00
-2.420628880345000233e+00
-3.002911356529999853e+00
-2.857112758695000032e+00
-3.033574203389999724e+00
-2.396536634424999868e+00
-2.498939766379999927e+00
-2.360864511014999945e+00
-2.661906344860000218e+00
-2.694904642200000033e+00
-2.961995361779999669e+00
-2.735651888215000049e+00
-2.940459782250000043e+00
-2.998724739275000051e+00
-2.458712944330000205e+00
-3.026352660615000190e+00
-2.781956271439999906e+00
-1.861855643250000192e+00
-2.889906545865000176e+00
-1.506626401155999995e+00
-2.697214316230000186e+00
-2.605170922775000175e+00
-2.898376500144999923e+00
-3.032113578660000197e+00
-2.712194544769999993e+00
-2.739820677044999986e+00
-2.480475111595000115e+00
-2.650700680854999991e+00
-2.025299569269999989e+00
-2.975566608180000294e+00
-2.029602105134999945e+00
-2.665080154575000027e+00
-2.437296651655000090e+00
-2.874725730595000250e+00
-2.944470247634999982e+00
-2.891683813924999846e+00
-2.644464719654999740e+00
-2.705526633319999874e+00
-2.973127858569999837e+00
-2.215169189460000077e+00
-3.109864920109999709e+00
-3.123524099074999949e+00
-2.529998525759999950e+00
-2.696432397895000221e+00
-2.609895124394999932e+00
-3.101612942654999650e+00
-3.278822472079999883e+00
-2.691419739860000160e+00
-2.390581404379999775e+00
-2.656222952054999809e+00
-2.182290994675000206e+00
-1.806970411415000033e+00
-2.184879517799999782e+00
-1.785172628395000016e+00
-2.437433359374999942e+00
-2.057602248690000302e+00
-2.623927231845000207e+00
-2.858967619434999996e+00
-2.846195946249999942e+00
-3.116559678789999843e+00
-2.415594970829999966e+00
-2.763814645754999688e+00
-3.160713802294999653e+00
-2.637980530904999732e+00
-2.476086692655000032e+00
-3.131369014975000198e+00
-2.018570865860000119e+00
-2.001762556800000148e+00
-2.296044581054999867e+00
-2.087243354439999976e+00
-2.870302222130000303e+00
-2.946635844444999819e+00
-2.600094878964999801e+00
-2.793791354765000179e+00
-2.298969061150000215e+00
-1.719516367450000027e+00
-3.110529859645000172e+00
-2.714468999210000177e+00
-3.049366730960000105e+00
-2.621841322504999905e+00
-2.589624605625000076e+00
-2.747522915634999841e+00
-2.679377524374999986e+00
-1.930491945715000046e+00
-2.434077971845000299e+00
-2.597845795260000035e+00
-3.406838018454999784e+00
-2.840977188334999681e+00
-2.681838523935000218e+00
-2.763475608429999841e+00
-2.651735771150000254e+00
-2.598292360439999893e+00
-1.577518711193500067e+00
-3.075296851744999671e+00
-2.351455884684999997e+00
-2.592096305160000114e+00
-2.927573675949999732e+00
-2.309568488690000088e+00
-2.078205659385000015e+00
-2.373949088145000275e+00
-2.705755804405000298e+00
-1.854389991865000198e+00
-2.656795331730000154e+00
-2.826529367215000033e+00
-1.676848157669999839e+00
-1.606026885624999956e+00
-2.506148572419999887e+00
-2.729475723730000247e+00
-2.497443578370000417e+00
-2.147781212199999956e+00
-2.251231586920000360e+00
-2.831326558535000260e+00
-2.856258802095000160e+00
-2.125849607130000152e+00
-2.629081831319999729e+00
-1.994050111034999961e+00
-1.825681839585000077e+00
-2.634077700605000238e+00
-2.514966330560000074e+00
-2.600677784364999745e+00
-2.840517970085000066e+00
-2.226745215239999798e+00
-2.395929931074999963e+00
-3.269214480535000078e+00
-1.915598174519999919e+00
-2.236815236390000017e+00
-3.124192497884999753e+00
-2.162038303734999722e+00
-2.299195204410000137e+00
-2.543733786029999777e+00
-1.786558591854999989e+00
-2.363302338240000022e+00
-3.008237667815000016e+00
-2.448026905499999906e+00
-2.593885939335000224e+00
-2.231868993179999983e+00
-2.141414862490000015e+00
-2.609582013935000333e+00
-2.570841890485000114e+00
-3.004398845194999890e+00
-3.255333005734999841e+00
-2.960272316264999759e+00
-2.600747375664999694e+00
-2.877726063385000366e+00
-3.122855574379999943e+00
-2.628282238585000208e+00
-2.824045368614999774e+00
-3.128580191824999801e+00
-2.583342558520000054e+00
-2.153445435560000121e+00
-2.874639457309999813e+00
-2.441849034295000109e+00
-2.819537739999999904e+00
-2.964174484424999978e+00
-1.702651139304999894e+00
-2.888178007040000050e+00
-2.670374932165000104e+00
-2.569354745294999631e+00
-2.576694338964999886e+00
-2.672793110315000220e+00
-2.762943755550000269e+00
-1.846053243950000144e+00
-2.516204945194999709e+00
-2.126165849654999995e+00
-2.591571154459999970e+00
-2.406188149704999724e+00
-2.724120490235000247e+00
-2.776509918490000395e+00
-2.622431131889999989e+00
-2.513590685575000094e+00
-2.623535383790000175e+00
-2.558444492185000030e+00
-3.441507837215000087e+00
-3.096631669425000233e+00
-2.528404752220000162e+00
-2.831710419429999792e+00
-2.570496159824999793e+00
-2.437796615669999944e+00
-2.753849626705000109e+00
-2.639781523119999918e+00
-2.352262486344999903e+00
-2.531758790680000093e+00
-1.935030111899999961e+00
-2.287001452784999778e+00
-2.553002000740000277e+00
-1.975154513379999921e+00
-3.145756523964999829e+00
-2.670821331540000010e+00
-2.141820509104999992e+00
-2.274590697649999882e+00
-2.525218512694999973e+00
-2.532597953229999810e+00
-2.399203354870000027e+00
-2.625388597099999721e+00
-2.805156422819999662e+00
-2.719792768179999598e+00
-2.885608712364999828e+00
-1.871097992165000168e+00
-3.045926178784999827e+00
-3.019111393954999834e+00
-2.703896330610000120e+00
-2.253825687159999980e+00
-2.719758581709999845e+00
-2.584322494264999825e+00
-2.090236321744999959e+00
-2.250969533934999767e+00
-2.683345768375000162e+00
-2.102559289579999824e+00
-2.199719243450000139e+00
-2.791755969320000030e+00
-2.508107459605000145e+00
-2.781329003365000219e+00
-2.118665152380000194e+00
-2.765602020764999835e+00
-3.066806898680000337e+00
-2.987989799280000192e+00
-2.468676650179999932e+00
-3.105900009264999984e+00
-2.727719958179999793e+00
-2.043718964950000050e+00
-3.194324502824999801e+00
-2.579399205460000122e+00
-2.602415275530000294e+00
-1.642617291260000112e+00
-2.849541449104999735e+00
-2.728792644924999955e+00
-1.568998661050500010e+00
-2.910049852214999788e+00
-2.973358006069999782e+00
-2.901461863459999790e+00
-2.546822501570000341e+00
-3.192682792700000327e+00
-2.598824233314999788e+00
-2.166153624030000113e+00
-2.106477166474999940e+00
-2.971048068930000063e+00
-2.641442813594999883e+00
-2.086810398164999913e+00
-2.153920072285000042e+00
-1.614021996780500068e+00
-2.778081056860000064e+00
-1.947830771855000087e+00
-2.694124177429999989e+00
-1.866775798454999968e+00
-2.163696953155000102e+00
-2.741160447980000026e+00
-2.354315259869999899e+00
-2.771320803935000132e+00
-2.662513218254999980e+00
-2.732671746619999897e+00
-3.058199916895000037e+00
-2.104340266604999954e+00
-1.894537940134999987e+00
-2.661441105379999783e+00
-3.049907177319999718e+00
-2.601914391074999777e+00
-3.036368581545000112e+00
-2.793413353015000045e+00
-2.394947211435000334e+00
-3.142332415814999891e+00
-2.227753940184999948e+00
-2.252856348159999911e+00
-2.819747356145000161e+00
-2.215217361635000159e+00
-3.334166023199999884e+00
-2.972740630235000125e+00
-3.119990566434999835e+00
-1.525465090848000083e+00
-2.841976891284999862e+00
-2.775060380424999806e+00
-3.197485143195000212e+00
-2.983520484330000055e+00
-2.474001750954999856e+00
-1.664331274634999858e+00
-2.754346045660000186e+00
-2.352036242885000128e+00
-2.130191945290000000e+00
-2.080867861179999778e+00
-2.712831730615000048e+00
-2.538961583905000374e+00
-1.653615325941999892e+00
-2.756914379664999970e+00
-2.544139401999999883e+00
-3.286650647004999648e+00
-2.732698872439999871e+00
-2.810121374200000410e+00
-2.649109085490000126e+00
-2.410244142925000332e+00
-2.170364206004999907e+00
-3.393509071500000029e+00
-2.484063606840000382e+00
-2.301582646339999982e+00
-2.997943391485000220e+00
-2.805101876749999779e+00
-2.587862682989999996e+00
-2.975104395215000253e+00
-2.692873748539999834e+00
-2.800798038684999991e+00
-1.888493277325000053e+00
-2.586419756159999750e+00
-2.957315651540000090e+00
-1.494823392008000074e+00
-1.907577871370000011e+00
-2.611785765145000049e+00
-2.699203768064999842e+00
-2.217886343830000051e+00
-2.536792011474999775e+00
-2.812085214815000178e+00
-3.207604762609999938e+00
-2.623414487325000266e+00
-2.618690456695000002e+00
-1.993773402199999989e+00
-1.548119607722999946e+00
-2.518076583200000051e+00
-2.507287134909999882e+00
-2.956186889829999664e+00
-2.099160143864999828e+00
-1.966402254345000156e+00
-2.959995470049999966e+00
-2.600968391384999912e+00
-2.835842663244999784e+00
-2.889999330474999795e+00
-2.562559717410000104e+00
-2.578637089364999913e+00
-1.447051314992999993e+00
-2.548308408449999618e+00
-2.395929931074999963e+00
-2.552407111319999977e+00
-2.745239960944999780e+00
