-3.410481629014999960e+00
-3.579364056344999767e+00
-2.531727048569999639e+00
-3.823169343755000060e+00
-3.642203728224999715e+00
-3.428363002939999848e+00
-3.203135848809999686e+00
-2.555671819015000068e+00
-3.139675242954999668e+00
-2.780516374874999919e+00
-3.384680901710000356e+00
-3.104909151430000236e+00
-3.312787398450000254e+00
-2.740397912370000189e+00
-2.788849316344999885e+00
-3.562969059690000329e+00
-2.629623579675000045e+00
-3.142526728355000021e+00
-2.943818412599999768e+00
-3.365417184134999573e+00
-2.663836773714999939e+00
-2.472925670750000027e+00
-2.312574534824999972e+00
-2.714472260385000002e+00
-3.534990465579999963e+00
-3.458238202275000006e+00
-3.380943714169999836e+00
-3.426242861735000034e+00
-3.208863023495000188e+00
-3.119012740109999626e+00
-3.411383504244999809e+00
-3.159809214084999596e+00
-3.280756083954999625e+00
-2.629488792970000155e+00
-2.817539288964999944e+00
-3.149473008970000265e+00
-2.781183126840000241e+00
-2.296877336560000149e+00
-2.548474636145000360e+00
-3.659444637900000075e+00
-2.809634480719999772e+00
-2.815636181879999977e+00
-2.973000895294999779e+00
-3.198966502684999824e+00
-3.091490211495000029e+00
-3.563323114610000175e+00
-3.447053845924999749e+00
-2.804321398999999992e+00
-3.476140866699999776e+00
-3.668520965144999479e+00
-3.509903304685000336e+00
-2.520310335280000036e+00
-2.666811302594999766e+00
-2.810149066664999751e+00
-3.205587852734999910e+00
-3.025215082785000398e+00
-2.788853688425000144e+00
-3.014456929505000105e+00
-2.960278007669999933e+00
-2.813557830135000160e+00
-2.938470492300000014e+00
-3.278181921879999905e+00
-2.879398555499999901e+00
-3.335471267585000010e+00
-3.180137446069999818e+00
-2.890872751695000353e+00
-2.889503563854999957e+00
-3.252122948090000243e+00
-2.395497147029999940e+00
-2.614728052084999810e+00
-2.620605155425000277e+00
-3.236419278039999625e+00
-2.876539302439999890e+00
-2.806671597704999854e+00
-3.416343272919999841e+00
-3.017933388319999910e+00
-2.526911709774999792e+00
-3.558252338850000029e+00
-2.986166596424999931e+00
-3.608595416425000035e+00
-3.265528555855000015e+00
-3.519537170905000067e+00
-3.445442876610000482e+00
-2.742949582989999691e+00
-2.575021942744999848e+00
-2.505941999610000082e+00
-3.257903098979999967e+00
-2.860940124029999865e+00
-3.265592319885000094e+00
-2.959230200139999933e+00
-3.156527407575000055e+00
-3.062911613774999875e+00
-3.031545874395000340e+00
-3.291289990960000189e+00
-2.591485979269999795e+00
-3.093471133500000025e+00
-3.516208276860000037e+00
-3.229122230559999807e+00
-2.308622562475000084e+00
-3.362520494560000017e+00
-3.620330830189999904e+00
-3.173483031660000009e+00
-3.342363521390000258e+00
-3.108807585814999719e+00
-3.129737537115000023e+00
-2.752462155564999957e+00
-3.673921862229999835e+00
-3.794381289935000012e+00
-3.215453430824999792e+00
-2.396380375865000190e+00
-3.552114137155000240e+00
-2.829665183769999981e+00
-3.713646936079999961e+00
-3.562334489404999971e+00
-3.415624471434999698e+00
-3.939923789119999853e+00
-3.746380896100000246e+00
-3.874852491149999967e+00
-3.215985011529999937e+00
-2.825333733634999955e+00
-3.401835489599999818e+00
-3.573510974730000012e+00
-2.785519895720000250e+00
-3.092868358610000090e+00
-3.725059765660000188e+00
-3.127423607634999936e+00
-3.701177699299999624e+00
-3.699438338035000218e+00
-4.182804350515000102e+00
-3.804762337534999705e+00
-4.076613638870000500e+00
-3.983765070965000099e+00
-2.161188026905000115e+00
-2.450261723725000174e+00
-2.983735886364999867e+00
-2.565904803800000078e+00
-3.744499926290000058e+00
-3.869285950535000129e+00
-3.929605766449999926e+00
-3.951665834219999951e+00
-3.488266719600000343e+00
-3.371043378179999994e+00
-3.425817996879999772e+00
-3.182255291859999780e+00
-3.614132965799999653e+00
-2.558060270424999949e+00
-2.993117827949999921e+00
-2.259088046160000030e+00
-3.686751205824999822e+00
-3.100181931639999888e+00
-3.085250788499999786e+00
-3.128496088929999974e+00
-2.622927149729999741e+00
-3.612060035659999890e+00
-2.179333778640000219e+00
-2.854513896180000287e+00
-2.608696463190000259e+00
-2.938020996345000135e+00
-2.967127426020000236e+00
-2.758621204485000256e+00
-2.822923595974999866e+00
-3.003049224555000229e+00
-2.744666485835000280e+00
-2.913077590290000352e+00
-2.694367419139999775e+00
-3.199306481899999888e+00
-3.141472112359999791e+00
-1.774416461433000025e+00
-3.105168063224999830e+00
-3.301800843229999671e+00
-3.492566130769999777e+00
-3.021120397409999825e+00
-2.771589441325000180e+00
-3.897939826600000046e+00
-3.488997249865000150e+00
-3.382122996919999736e+00
-3.476963957735000221e+00
-2.837273762025000146e+00
-3.034914227589999847e+00
-2.281474890425000179e+00
-3.301822620504999861e+00
-2.579621682420000006e+00
-3.380920139155000115e+00
-3.201392108674999903e+00
-3.009351253184999742e+00
-3.083108383459999935e+00
-2.526210869319999830e+00
-2.759072411235000022e+00
-2.871812167235000324e+00
-2.470730918320000136e+00
-2.761609578339999871e+00
-2.936549757029999874e+00
-2.345073036275000078e+00
-1.964442885775000036e+00
-2.410602358500000264e+00
-2.531555699060000109e+00
-2.350141795594999916e+00
-3.358599419404999953e+00
-3.224715551340000097e+00
-2.479891627145000221e+00
-2.934008381144999955e+00
-2.698098683120000008e+00
-3.342947650240000179e+00
-2.801461540920000104e+00
-3.057356249280000160e+00
-2.812317036795000114e+00
-3.156707873500000261e+00
-2.774307679499999679e+00
-3.553962912630000304e+00
-3.131183779179999682e+00
-2.630681734609999989e+00
-3.174572926005000184e+00
-3.275021296364999834e+00
-2.114998362859999759e+00
-3.439458080245000104e+00
-2.600889891825000078e+00
-3.039711788510000012e+00
-3.455798650305000219e+00
-2.993554569575000102e+00
-2.704369132430000100e+00
-3.687206280855000351e+00
-2.529707227679999892e+00
-3.298438692010000395e+00
-3.020239796140000266e+00
-3.542402903500000200e+00
-3.693432811344999678e+00
-3.650946002530000012e+00
-3.608888608390000030e+00
-3.213192909915000062e+00
-2.765422806190000138e+00
-3.145126522405000014e+00
-2.765849164220000045e+00
-2.882322171290000234e+00
-2.451691091175000281e+00
-1.951803496374999947e+00
-2.464463571375000051e+00
-2.790948668329999993e+00
-3.008775834719999764e+00
-2.759802952520000296e+00
-3.204545380709999947e+00
-2.119588565799999991e+00
-3.030879923699999701e+00
-3.184925011849999876e+00
-3.366886792279999874e+00
-2.301186604969999827e+00
-2.111446916734999846e+00
-2.500410187950000029e+00
-2.790296223754999971e+00
-2.323172430615000117e+00
-2.275531239739999823e+00
-3.043149949254999598e+00
-2.516641974275000138e+00
-1.699220923926499927e+00
-2.884840750384999986e+00
-2.588583836609999800e+00
-2.381952840049999853e+00
-2.688638981555000029e+00
-2.074532803549999915e+00
-3.058456526405000098e+00
-3.772011412320000368e+00
-2.877616878305000014e+00
-2.128171121164999846e+00
-2.685870354464999998e+00
-1.871574285050999986e+00
-2.358880290999999740e+00
-2.711473205739999948e+00
-2.624977235904999873e+00
-3.072139954339999868e+00
-2.865265432764999787e+00
-2.658989041839999956e+00
-3.392163057620000366e+00
-2.819850840950000048e+00
-3.275592953134999874e+00
-2.903922585284999691e+00
-2.010941189019999964e+00
-2.266445978334999722e+00
-3.308040766130000421e+00
-2.901897133254999872e+00
-2.691172103184999997e+00
-2.538814647289999726e+00
-2.867693608150000184e+00
-2.207060740414999778e+00
-3.278222984560000164e+00
-2.579896772360000146e+00
-2.657562389639999800e+00
-2.217991136749999814e+00
-1.826361224193999933e+00
-2.836755820215000057e+00
-2.392007668060000203e+00
-2.677172017920000258e+00
-2.198616293999999804e+00
-2.796941597695000059e+00
-2.133453829450000061e+00
-2.982689359184999667e+00
-2.553320856594999633e+00
-2.189988003774999914e+00
-1.949297890590000026e+00
-1.986282528799999891e+00
-2.155521665249999774e+00
-2.316581737985000000e+00
-2.742278804235000145e+00
-2.785359221844999844e+00
-2.677339823020000065e+00
-2.668039417145000147e+00
-3.018863823310000249e+00
-2.963994092014999637e+00
-3.485085908289999868e+00
-2.092544182140000153e+00
-2.760919861010000087e+00
-2.935775670075000399e+00
-2.516327052374999873e+00
-2.644555482330000373e+00
-2.292858437310000053e+00
-2.898705340770000305e+00
-2.010162368300000058e+00
-2.207350353835000334e+00
-2.039554249674999653e+00
-3.043857637949999972e+00
-2.179461538845000046e+00
-1.530629268164499956e+00
-2.900143959100000224e+00
-2.688070701415000041e+00
-3.331937476639999840e+00
-1.897705749030000000e+00
-2.475344067824999605e+00
-2.606856568485000025e+00
-2.513941858269999940e+00
-2.740790457214999698e+00
-2.961930001849999883e+00
-2.265318997790000122e+00
-1.980300159300000029e+00
-1.563345602025000058e+00
-2.365902305370000125e+00
-1.670594416258500026e+00
-2.510780178435000121e+00
-2.261543657824999887e+00
-3.064291509414999837e+00
-3.184068662170000064e+00
-3.133479473194999976e+00
-2.782103739050000080e+00
-3.296124773859999912e+00
-2.194602286684999903e+00
-2.296245821254999875e+00
-2.692828054995000109e+00
-2.746651141850000144e+00
-2.518315192084999765e+00
-2.094403038634999881e+00
-2.202679216920000016e+00
-1.700449683123999911e+00
-2.480024152429999962e+00
-3.611930143949999561e+00
-2.997773175645000343e+00
-4.220907131079999708e+00
-2.447195288050000084e+00
-1.904049640670000043e+00
-2.847133177559999950e+00
-2.618179038624999677e+00
-3.521063815829999832e+00
-3.104898399450000124e+00
-3.597888659994999738e+00
-2.284066734540000088e+00
-3.410761530514999862e+00
-2.718186007539999949e+00
-3.387733445454999881e+00
-2.825669015524999939e+00
-2.720235630529999948e+00
-2.830122237234999893e+00
-2.788639426960000112e+00
-3.380329263319999722e+00
-2.475564476205000197e+00
-2.023398224915000210e+00
-2.325244856754999923e+00
-3.061654790174999974e+00
-3.085535143705000038e+00
-3.197567391969999839e+00
-2.391779612015000112e+00
-2.778570205860000364e+00
-2.268307934350000110e+00
-2.589188741685000128e+00
-2.440685012819999944e+00
-2.603835867684999972e+00
-2.309883698670000207e+00
-2.183804957635000044e+00
-1.693005851046999855e+00
-1.727597511103500016e+00
-2.343788907955000056e+00
-2.838543566174999810e+00
-2.890533549465000185e+00
-1.696072703298999951e+00
-2.072810945240000091e+00
-2.809955583685000313e+00
-3.096939568804999876e+00
-2.839068302580000314e+00
-2.447936398249999979e+00
-2.344528572329999783e+00
-2.717517931415000199e+00
-2.051527871094999789e+00
-2.010703722205000155e+00
-2.829505600470000104e+00
-3.846028079455000359e+00
-2.615645754954999624e+00
-2.454737683284999861e+00
-3.350001373845000074e+00
-3.088199622239999886e+00
-3.351215132070000102e+00
-2.726457839990000132e+00
-3.013774846980000088e+00
-3.286528924475000224e+00
-3.316565022585000300e+00
-3.401107931374999893e+00
-2.976213804999999990e+00
-3.216129962764999739e+00
-2.510772596794999867e+00
-2.469138543730000190e+00
-2.229146031475000012e+00
-3.197716627864999772e+00
-2.566433820924999942e+00
-2.895428426809999678e+00
-2.950569654739999770e+00
-2.978154979530000190e+00
-3.514072715219999754e+00
-2.497830237175000079e+00
-2.894019733980000009e+00
-3.185616759770000250e+00
-3.549241238690000078e+00
-3.299988066854999680e+00
-3.433127590294999809e+00
-3.413953178775000374e+00
-2.545650414675000306e+00
-2.558344180654999800e+00
-3.886799986045000210e+00
-1.888880413849999940e+00
-2.529364848074999728e+00
-3.473752571904999975e+00
-3.634368759390000037e+00
-2.857613523079999940e+00
-3.054902843554999858e+00
-3.216930913805000181e+00
-3.268706529600000188e+00
-3.156749535259999906e+00
-3.225369593614999975e+00
-3.296737456049999793e+00
-3.973186277845000003e+00
-3.677901404570000032e+00
-2.801772583970000063e+00
-2.946744823324999984e+00
-1.726285060777999814e+00
-2.635707376115000056e+00
-2.484695134799999927e+00
-2.310689377240000120e+00
-3.584997648989999952e+00
-2.999604026400000123e+00
-2.141093701590000009e+00
-3.443090444735000144e+00
-2.857129800624999660e+00
-3.031297146730000058e+00
-2.867009049049999980e+00
-3.101512487139999941e+00
-2.800346954564999713e+00
-3.481496387894999600e+00
-3.303774938490000146e+00
-3.320648533174999972e+00
-3.766968163445000073e+00
-3.933127280929999969e+00
-2.883327222354999719e+00
-3.852459844700000247e+00
-3.220531519070000126e+00
-3.665427360039999805e+00
-2.928720765675000060e+00
-3.830202310539999822e+00
-3.478057953910000499e+00
-3.254686747515000089e+00
-3.161711929625000028e+00
-2.947417801050000286e+00
-3.466262033425000055e+00
-3.192756994009999794e+00
-3.049629523655000174e+00
-3.014971102805000136e+00
-3.424551648539999604e+00
-2.592078953389999718e+00
-3.019301888459999805e+00
-2.327587436389999986e+00
-2.660538823479999593e+00
-1.929756116060000082e+00
-2.228611169315000140e+00
-3.543321525605000133e+00
-3.023444727824999845e+00
-3.483576698284999829e+00
-3.184337231295000237e+00
-3.268792008740000199e+00
-2.380335581075000206e+00
-3.154587561005000040e+00
-1.675892307500000067e+00
-2.192205381785000018e+00
-2.686283928159999945e+00
-2.717178379960000001e+00
-2.861730985434999930e+00
-3.887502371590000116e+00
-3.408396106230000111e+00
-3.307989660295000078e+00
-3.061918276600000155e+00
-3.425162046430000107e+00
-2.824623595700000322e+00
-3.085166565475000233e+00
-3.554663327714999710e+00
-3.565035600785000369e+00
-2.975403760409999876e+00
-3.405319693504999634e+00
-3.033222047875000271e+00
-3.194824623049999701e+00
-3.556847957575000052e+00
-3.709994121005000256e+00
-3.647789696524999847e+00
-2.589768324235000030e+00
-2.443005030184999704e+00
-1.858996800001999850e+00
-2.246317411395000185e+00
-2.120079826830000069e+00
-2.483100230419999832e+00
-2.745351364390000271e+00
-2.484888969845000073e+00
-2.694820014794999885e+00
-2.848073446584999946e+00
-2.769718267070000017e+00
-2.681471215824999810e+00
-2.461940791880000035e+00
-2.244632897154999807e+00
-2.662349267239999762e+00
-3.147201560780000129e+00
-2.771622271035000029e+00
-2.809685613600000131e+00
-3.138979449639999864e+00
-3.247606598114999965e+00
-3.327216921949999850e+00
-3.112802775195000038e+00
-2.771602587960000363e+00
-3.413716481065000252e+00
-3.309602817125000040e+00
-2.818153020210000026e+00
-2.890544699300000353e+00
-2.967157738864999672e+00
-3.326127673574999832e+00
-3.034997884550000080e+00
-3.184895419600000110e+00
-2.690582566254999808e+00
-3.184954461290000260e+00
-2.886048561560000003e+00
-2.900785797074999728e+00
-2.758996350609999926e+00
-2.695793181705000041e+00
-2.805984583854999936e+00
-3.107983882144999654e+00
-2.721248480629999911e+00
-2.975863279079999923e+00
-3.102527435894999908e+00
-3.135725611709999860e+00
-2.771680032075000355e+00
-2.062799540894999950e+00
-2.834420704580000283e+00
-2.915193764765000140e+00
-3.265338576849999619e+00
-2.761326945335000005e+00
-2.490682900559999968e+00
-3.381426081989999943e+00
-2.529885796564999900e+00
-3.154584387425000358e+00
-2.975859157579999970e+00
-3.005457650664999925e+00
-3.325022341109999946e+00
-3.134704494814999798e+00
-3.095404993299999852e+00
-2.390615334255000057e+00
-3.062298402675000197e+00
-2.822562253114999642e+00
-2.748979610494999726e+00
-3.184086657269999954e+00
-3.182838423049999754e+00
-3.052973599350000011e+00
-2.892847895150000070e+00
-2.788490245924999833e+00
-2.471174911539999908e+00
-2.910304651769999751e+00
-2.671095951914999933e+00
-3.135023796665000084e+00
-2.979114977885000126e+00
-3.027072407519999953e+00
-2.685942597350000405e+00
-2.857920857079999877e+00
-3.114548200125000221e+00
-2.669669715880000016e+00
-3.264581739039999597e+00
-3.019251878659999999e+00
-3.122169515174999965e+00
-3.035954294095000172e+00
-3.624160028334999950e+00
-3.315159689675000187e+00
-3.042106213564999884e+00
-3.033533239210000065e+00
-2.586252689474999755e+00
-2.495731985674999986e+00
-2.803462140215000176e+00
-2.593699534019999753e+00
-2.911888932534999697e+00
-2.227020568044999926e+00
-2.766328758360000251e+00
-2.519230187964999867e+00
-2.797718277435000012e+00
-2.487708084944999953e+00
-2.810421454655000151e+00
-3.234071005855000180e+00
-2.804341297985000203e+00
-2.806685880245000320e+00
-2.720975728830000051e+00
-2.677928236709999688e+00
-2.790862899044999956e+00
-2.787807156800000019e+00
-3.133247124469999978e+00
-3.526132564280000103e+00
-3.585119827929999836e+00
-3.168297983275000007e+00
-3.050801705845000100e+00
-2.571622333035000096e+00
-2.612672383240000062e+00
-3.487007516064999812e+00
-2.765345931340000174e+00
-2.991746510629999634e+00
-2.524948340974999983e+00
-2.792326401940000036e+00
-3.105889153685000181e+00
-3.046569460095000181e+00
-2.992997335730000152e+00
-2.451567933729999815e+00
-3.047560108084999886e+00
-3.344655407990000384e+00
-2.296321982739999878e+00
-2.314973105049999980e+00
-3.074664316919999862e+00
-3.156821356680000079e+00
-2.774426342329999962e+00
-2.344134933289999889e+00
-2.817910175135000195e+00
-3.045649985045000285e+00
-2.053525754039999818e+00
-2.699049828529999751e+00
-2.468333601804999944e+00
-2.550979599159999722e+00
-2.389222434599999723e+00
-3.159913888494999767e+00
-2.872641027314999818e+00
-2.797168858950000114e+00
-3.339006050220000077e+00
-3.035615980754999832e+00
-3.141153233485000307e+00
-3.246910759290000392e+00
-3.365515257700000262e+00
-2.910121655470000235e+00
-3.495126508954999878e+00
-3.215732527515000161e+00
-3.417268092619999642e+00
-2.538705854139999829e+00
-2.900906222190000161e+00
-3.170547108454999652e+00
-2.310609885629999916e+00
-2.629117940515000029e+00
-2.625275361494999959e+00
-2.596369348609999683e+00
-3.502455026955000328e+00
-3.032684844380000300e+00
-3.275088883515000049e+00
-3.351956540655000261e+00
-3.109082964275000194e+00
-2.619711595705000118e+00
-2.199315044160000010e+00
-2.912501115655000028e+00
-3.205124444319999988e+00
-3.428515857465000316e+00
-2.160776420914999996e+00
-2.396088497095000047e+00
-3.304521662535000015e+00
-3.076954029234999943e+00
-3.130968135479999859e+00
-2.974914967014999689e+00
-3.771424881430000209e+00
-2.799830305149999976e+00
-2.767083676664999992e+00
-3.188687213599999737e+00
-2.659771517050000256e+00
-3.175098508090000049e+00
-2.286287645134999824e+00
-2.991022892300000180e+00
-2.989116602150000190e+00
-2.302199656295000008e+00
-2.857495686480000074e+00
-2.539029896289999755e+00
-2.832472943184999981e+00
-2.256523640000000164e+00
-2.797407045334999953e+00
-2.878245952134999897e+00
-3.199327873819999724e+00
-2.866798077079999896e+00
-3.102798010744999946e+00
-2.934904289924999965e+00
-2.680251007724999912e+00
-3.351966668190000220e+00
-3.033150342774999952e+00
-3.009217221005000109e+00
-3.320382962525000092e+00
-2.973838603419999949e+00
-2.999312040219999975e+00
-3.253579750430000139e+00
-3.203981919230000308e+00
-3.220870440015000113e+00
-2.779282902334999861e+00
-3.169166652244999938e+00
-2.546503156780000054e+00
-3.299782045145000176e+00
-3.014158397640000153e+00
-3.309432200634999877e+00
-3.331105639195000023e+00
-2.313371199250000121e+00
-3.114627951385000149e+00
-3.324596489070000160e+00
-3.442960850695000019e+00
-2.883395673189999897e+00
-3.281634483309999961e+00
-3.338113295844999939e+00
-2.454465456530000367e+00
-3.223556138764999801e+00
-3.202654865064999967e+00
-3.302259186835000193e+00
-3.444653748839999974e+00
-2.747096803299999834e+00
-2.982392588525000221e+00
-2.889620747870000006e+00
-2.607111908104999820e+00
-2.689545245690000197e+00
-1.808118479799500022e+00
-2.275197818799999716e+00
-2.678699313294999662e+00
-2.408897537339999673e+00
-2.400232005624999942e+00
-1.737122418768999976e+00
-1.666504775095499991e+00
-3.183034764584999898e+00
-3.705063762024999985e+00
-3.851085562505000226e+00
-3.630373898185000225e+00
-3.404046593474999938e+00
-3.617567319109999957e+00
-3.675428598079999887e+00
-3.781929439140000238e+00
-3.655489612454999815e+00
-3.525136302804999566e+00
-3.094637115084999834e+00
-3.999182919899999966e+00
-2.560947732229999829e+00
-2.191422160210000136e+00
-2.663489858040000158e+00
-3.035524935629999810e+00
-3.546922169034999683e+00
-2.981503496524999797e+00
-3.288402038525000126e+00
-3.194761589249999645e+00
-1.955305745940000062e+00
-2.038615950165000079e+00
-3.505323303039999949e+00
-2.885502758954999969e+00
-2.435822321924999923e+00
-3.075550861960000049e+00
-3.235096745829999954e+00
-3.312146883680000098e+00
-2.676619035775000377e+00
-2.669017718644999704e+00
-2.596140979664999904e+00
-3.001863169149999955e+00
-2.819045209470000035e+00
-2.377378886739999864e+00
-3.115136014509999995e+00
-2.538748361055000125e+00
-2.321139014204999906e+00
-2.482729024264999751e+00
-3.225868067149999963e+00
-2.806194379099999914e+00
-3.060448003510000348e+00
-2.782364083875000116e+00
-2.562999827370000094e+00
-2.671603511835000333e+00
-2.314536323050000011e+00
-2.743269250750000054e+00
-2.629454848054999960e+00
-2.690783137324999963e+00
-2.759378731725000033e+00
-2.754527976554999924e+00
-2.272955234719999940e+00
-2.561803650785000386e+00
-2.379360801844999873e+00
-2.453589542359999598e+00
-2.576476801554999696e+00
-2.481779571569999732e+00
-2.858553380390000065e+00
-2.991631569059999940e+00
-3.023815183945000040e+00
-3.818658585019999663e+00
-2.293855174845000011e+00
-2.581164702879999773e+00
-3.341481340665000133e+00
-3.688044894425000386e+00
-3.187704505544999734e+00
-3.229099913869999838e+00
-3.080259876645000006e+00
-2.215958016505000128e+00
-2.057511266185000132e+00
-3.112682722954999814e+00
-3.355251647290000250e+00
-3.466639461210000217e+00
-2.645414093234999875e+00
-3.083326510695000078e+00
-2.029868754684999832e+00
-2.727468902115000038e+00
-2.754397419160000027e+00
-2.404362938020000229e+00
-3.188231355714999715e+00
-2.928053396780000206e+00
-2.951955250820000209e+00
-2.155291327505000076e+00
-2.939364050130000017e+00
-2.356247816209999790e+00
-3.031471297459999992e+00
-2.617587631590000186e+00
-2.729563234270000027e+00
-2.294242332845000121e+00
-2.962564529359999810e+00
-2.481525303585000231e+00
-2.854073169190000314e+00
-2.577157469859999939e+00
-3.114177348694999736e+00
-2.463891110780000115e+00
-2.738261977755000132e+00
-3.297736511160000106e+00
-3.238123647684999717e+00
-2.291965184409999967e+00
-3.518836316999999880e+00
-3.286191837959999695e+00
-3.364606855524999940e+00
-3.635488359540000047e+00
-3.164418645605000080e+00
-3.148417452799999960e+00
-3.534073895535000176e+00
-3.329994922005000024e+00
-2.976026263559999663e+00
-2.828455499350000402e+00
-2.336259276039999833e+00
-2.511628640160000092e+00
-2.231711650094999833e+00
-3.138741235714999966e+00
-3.162407135339999620e+00
-2.771979954029999860e+00
-2.764967479750000123e+00
-2.779431806449999875e+00
-2.900287959754999978e+00
-2.619339767465000079e+00
-2.545900908670000184e+00
-2.572194976069999584e+00
-3.356377832009999729e+00
-2.839191686664999992e+00
-3.126272542529999754e+00
-2.545475750199999609e+00
-3.728778457634999821e+00
-2.881485710769999820e+00
-2.494597059470000211e+00
-2.621569948250000337e+00
-3.446048563700000233e+00
-3.068877294199999994e+00
-3.393657748989999945e+00
-2.915213638260000018e+00
-2.532339945589999974e+00
-3.188712594254999644e+00
-2.735691977974999745e+00
-2.854778341434999867e+00
-2.459193197119999841e+00
-2.491575017775000234e+00
-2.734378633419999982e+00
-2.312622845259999949e+00
-2.233220380699999730e+00
-1.598613539163000086e+00
-2.022917297149999794e+00
-2.494405930150000117e+00
-2.189134730095000148e+00
-3.504272806100000359e+00
-2.929899164864999683e+00
-3.179187886294999821e+00
-3.115025390475000044e+00
-2.367915283924999947e+00
-2.961975336184999641e+00
-2.054320587509999907e+00
-2.740887267535000227e+00
-2.466231764904999846e+00
-2.000489022650000059e+00
-2.778336057195000208e+00
-2.911750460629999981e+00
-2.870378822590000212e+00
-3.141179451620000229e+00
-1.961186206429999856e+00
-2.036365801099999651e+00
-3.118490246839999980e+00
-2.284994312974999886e+00
-1.585578507773500068e+00
-1.623112128065499871e+00
-3.354347406350000060e+00
-3.033364734160000076e+00
-3.208789240729999825e+00
-2.738492756339999890e+00
-3.611756785619999910e+00
-2.608441888749999826e+00
-3.573873277224999701e+00
-3.192760826085000225e+00
-1.761706618809000036e+00
-3.344754740985000030e+00
-2.952251523889999785e+00
-3.226852725365000119e+00
-3.823249636015000341e+00
-2.216000882994999976e+00
-2.843173521069999765e+00
-2.620323332954999973e+00
-2.703208536525000039e+00
-3.166443984179999838e+00
-3.367782285515000140e+00
-2.633877448109999797e+00
-3.040125339174999830e+00
-2.938090703524999903e+00
-3.174523670450000168e+00
-2.925664401089999700e+00
-2.276195346355000204e+00
-2.590268773774999644e+00
-1.984493533840000046e+00
-2.258585498945000047e+00
-2.770740741000000007e+00
-2.477844722494999985e+00
-2.782946283404999832e+00
-2.096237785890000094e+00
-1.552368257104499882e+00
-2.483319365755000341e+00
-1.820556298799500095e+00
-1.957081391245000024e+00
-2.753823627720000111e+00
-2.296608097060000020e+00
-2.195753618414999941e+00
-2.168739673839999771e+00
-2.860104706685000053e+00
-2.430364536804999975e+00
-2.532631279560000337e+00
-2.071275741735000064e+00
-2.290404413585000132e+00
-2.564584471505000351e+00
-2.582683002640000058e+00
-3.744613153949999607e+00
-3.333282521964999745e+00
-2.494066472010000091e+00
-2.495750128970000148e+00
-3.430807584580000125e+00
-3.253505816005000106e+00
-2.850072777979999916e+00
-3.470084493105000334e+00
-3.149939791860000060e+00
-2.443078132480000164e+00
-2.840998156890000015e+00
-2.926422577804999925e+00
-3.124188239800000044e+00
-3.491768407694999965e+00
-3.590303304174999877e+00
-2.526738712514999818e+00
-3.360281624609999795e+00
-2.349572686390000165e+00
-2.831960483639999637e+00
-2.640475245860000264e+00
-2.308612519440000010e+00
-2.764300402279999957e+00
-2.321993222125000145e+00
-2.888596282079999966e+00
-3.756892493875000127e+00
-2.891517727360000123e+00
-3.265688836329999845e+00
-3.449033664209999905e+00
-2.446562262320000070e+00
-2.430789583660000197e+00
-3.064641006955000080e+00
-2.311942275359999854e+00
-3.279835478954999939e+00
-1.549650503182499861e+00
-4.030904406564999931e+00
-3.521817665330000402e+00
-2.741087374274999711e+00
-3.933596802379999868e+00
-3.190846497145000349e+00
-3.512845361665000166e+00
-3.166586253790000249e+00
-2.655135130259999698e+00
-3.323627370749999699e+00
-3.224294173175000111e+00
-2.885725373409999683e+00
-3.013494457804999804e+00
-3.074725489009999979e+00
-3.025934513424999750e+00
-2.944138597764999865e+00
-2.829619107535000122e+00
-2.765926109739999639e+00
-2.716814792165000103e+00
-2.844021541884999671e+00
-2.931025629290000101e+00
-3.129797765634999784e+00
-3.699132283574999569e+00
-2.709276624294999714e+00
-3.337214110290000146e+00
-2.919482849460000029e+00
-2.791354176255000041e+00
-2.489279065625000342e+00
-3.080113840904999734e+00
-2.780346868339999666e+00
-2.874543176144999990e+00
-2.164884090055000154e+00
-2.996352665264999882e+00
-2.191897791095000159e+00
-2.325742319479999765e+00
-2.908195607299999708e+00
-2.008138121820000066e+00
-2.796699881114999897e+00
-2.362619638104999975e+00
-3.171310304090000365e+00
-3.003607473389999782e+00
-2.662868020444999928e+00
-2.330863352385000198e+00
-2.783232691000000258e+00
-2.325687736059999899e+00
-3.060677358975000040e+00
-3.102636518389999765e+00
-3.145891045955000020e+00
-3.087509967949999989e+00
-2.770191101400000022e+00
-3.259690550569999790e+00
-2.284344823925000156e+00
-2.846645058254999583e+00
-2.524636280450000214e+00
-2.719333228490000032e+00
-2.953508747654999933e+00
-2.670016118284999962e+00
-3.148257646554999845e+00
-2.768102249480000054e+00
-2.698544633810000093e+00
-3.331560337620000034e+00
-2.795482678434999979e+00
-2.979982510134999707e+00
-3.288554967520000094e+00
-2.110828054169999746e+00
-2.813132201994999804e+00
-2.863676295704999930e+00
-2.926701844814999731e+00
-3.588208345585000014e+00
-3.128590892290000092e+00
-3.059867660670000156e+00
-2.991426302889999889e+00
-3.290871342154999990e+00
-2.882046729139999819e+00
-2.765280913519999828e+00
-3.185693575970000246e+00
-3.170841502595000083e+00
-3.397507312335000140e+00
-3.167806367439999882e+00
-2.901570351294999739e+00
-2.814934623450000117e+00
-3.171117381095000187e+00
-2.660228850640000253e+00
-2.547417444355000171e+00
-3.185319809990000195e+00
-2.802577118214999885e+00
-2.992892300364999869e+00
-2.769943649624999615e+00
-2.913815501770000260e+00
-2.574305621839999780e+00
-2.681703128755000165e+00
-3.021597785179999995e+00
-2.964681748500000324e+00
-1.957078099889999923e+00
-2.953910852434999956e+00
-2.722736285419999902e+00
-2.865569887280000394e+00
-3.312725734145000267e+00
-2.313339382620000162e+00
-3.240083823775000038e+00
-2.726237425579999929e+00
-2.863780251565000157e+00
-2.788520574369999672e+00
-2.504241244540000189e+00
-3.199919520319999933e+00
-2.391301098500000055e+00
-2.675323938840000082e+00
-2.774099022159999706e+00
-2.166343870920000025e+00
-2.176081260370000159e+00
-2.165631828995000063e+00
-2.723474030990000294e+00
-3.428668295325000059e+00
-3.244156192154999729e+00
-2.631619491479999962e+00
-2.966703396489999811e+00
-3.684751329340000048e+00
-2.312446675814999963e+00
-3.304819150840000219e+00
-3.564718856375000300e+00
-3.366803865145000074e+00
-3.172094118610000013e+00
-2.723074750600000371e+00
-2.871537711984999852e+00
-2.835142758459999968e+00
-2.315234287825000070e+00
-2.763718040160000111e+00
-3.168744095865000165e+00
-2.761063595455000019e+00
-3.024520767294999857e+00
-3.142101669795000163e+00
-2.974396890339999988e+00
-2.992952943135000154e+00
-1.771851543691000064e+00
-2.317153811919999917e+00
-2.317480148220000036e+00
-3.289867178035000173e+00
-3.203605873134999893e+00
-3.778776273510000117e+00
-3.017602783560000113e+00
-3.282427964960000111e+00
-3.723019660024999844e+00
-3.401829719249999773e+00
-2.854918051164999859e+00
-3.189628530499999837e+00
-2.499997116570000344e+00
-3.623762948589999588e+00
-3.863804452924999744e+00
-2.821332895580000333e+00
-2.754887290054999660e+00
-3.397332531850000059e+00
-2.854027740074999819e+00
-2.828674111009999770e+00
-3.015029686180000112e+00
-2.842539298590000207e+00
-2.737644847899999956e+00
-2.803727903779999586e+00
-3.169765359539999938e+00
-2.294976727034999886e+00
-2.904311531080000286e+00
-3.064229493535000071e+00
-2.670144261299999933e+00
-2.998685018105000211e+00
-2.889189169339999808e+00
-2.935710215130000300e+00
-2.829854014424999953e+00
-2.663199403465000170e+00
-2.979128049379999865e+00
-2.516006308225000154e+00
-2.353885394429999778e+00
-2.869130069235000136e+00
-2.478290274279999927e+00
-2.435218329470000054e+00
-2.217142677784999627e+00
-2.615621756014999910e+00
-2.514448995650000018e+00
-2.785804730759999792e+00
-2.818711992125000343e+00
-2.723003722675000127e+00
-2.877145360570000143e+00
-2.679160121779999848e+00
-2.993961661620000214e+00
-2.792376904894999790e+00
-2.965168685990000164e+00
-2.419310399305000026e+00
-2.848631900014999996e+00
-2.003632371424999725e+00
-2.913292744510000087e+00
-2.555635431699999849e+00
-1.768494966553999959e+00
-2.265386936050000077e+00
-2.734487959430000004e+00
-2.502186966075000019e+00
-3.082462083810000308e+00
-2.824381578579999719e+00
-2.221279504675000016e+00
-2.697242686595000105e+00
-2.534534960599999831e+00
-2.522208542915000073e+00
-3.148883895175000003e+00
-2.397186942239999841e+00
-2.357060437249999918e+00
-2.524584957990000156e+00
-2.892865499800000073e+00
-2.637351684999999613e+00
-2.218547833759999754e+00
-2.273671887544999937e+00
-2.372816461674999822e+00
-2.371532588004999997e+00
-2.378983334029999952e+00
-3.829246958260000167e+00
-2.901931593855000102e+00
-2.446459671579999995e+00
-2.971499885474999658e+00
-2.831099075755000083e+00
-3.082522334170000100e+00
-2.935590144835000359e+00
-2.778394410105000212e+00
-2.308900064744999980e+00
-2.322351275544999982e+00
-2.109815833154999876e+00
-3.295778706360000143e+00
-3.145151437550000040e+00
-2.702089563294999941e+00
-3.627070896074999773e+00
-3.781575380805000108e+00
-3.371197013345000215e+00
-2.520327027785000062e+00
-2.725639168879999907e+00
-2.393324060629999916e+00
-2.512355070484999953e+00
-1.642263546994499945e+00
-1.701733670611000004e+00
-2.364003976179999800e+00
-2.328642868870000271e+00
-2.442709579119999752e+00
-2.411577970775000246e+00
-2.696736663919999888e+00
-2.483003376230000114e+00
-2.339808471380000032e+00
-2.259919243325000160e+00
-2.644052685184999696e+00
-2.897425770269999923e+00
-2.943697744305000086e+00
-2.964196616239999749e+00
-3.084308953185000313e+00
-2.824675678924999822e+00
-2.523435775940000347e+00
-2.949445198294999848e+00
-3.414938880200000249e+00
-2.674029371475000083e+00
-2.875434178005000341e+00
-3.222628691779999777e+00
-3.079949077024999760e+00
-3.061960820444999953e+00
-2.879266815384999845e+00
-3.089846030924999987e+00
-3.527741886659999881e+00
-2.974727151599999786e+00
-3.074685824314999927e+00
-3.382959762755000099e+00
-3.567207109279999955e+00
-3.005919477419999986e+00
-3.159193701935000043e+00
-3.230587689810000107e+00
-2.869773207365000189e+00
-2.551782070479999831e+00
-2.739053046450000028e+00
-3.055540374190000019e+00
-3.204243965345000333e+00
-2.717755956665000028e+00
-3.082229735060000309e+00
-2.730225978870000070e+00
-2.761115091915000264e+00
-3.014342305040000003e+00
-2.778037941045000014e+00
-3.077620234304999869e+00
-3.059592888160000079e+00
-2.568981741765000049e+00
-2.847090225319999668e+00
-3.021168596629999925e+00
-3.250899686634999952e+00
-2.448019271959999799e+00
-3.238066285594999982e+00
-3.186471016689999658e+00
-3.225397961479999687e+00
-2.021245036614999879e+00
-2.283636021930000037e+00
-2.501161916070000046e+00
-3.163754175374999811e+00
-3.100210797214999925e+00
-2.722738804710000071e+00
-3.173556719435000062e+00
-2.969689702100000162e+00
-2.919068031980000200e+00
-2.864791259204999996e+00
-2.199450266779999996e+00
-1.970922727920000117e+00
-2.893838883544999963e+00
-2.843399734350000152e+00
-2.558877389904999688e+00
-2.757667873249999957e+00
-2.508452419294999736e+00
-2.806795266714999570e+00
-2.562559149764999766e+00
-2.052379456669999769e+00
-2.817409205275000161e+00
-2.141798117555000047e+00
-2.637884616375000046e+00
-3.207734906219999793e+00
-2.752556620155000022e+00
-2.826883619004999737e+00
-2.817693418154999740e+00
-3.042002986695000022e+00
-2.933307993135000125e+00
-2.996987307469999973e+00
-3.048343615144999852e+00
-2.980966188140000028e+00
-3.091918710435000328e+00
-3.160577360395000035e+00
-3.223121377884999639e+00
-3.281626139494999705e+00
-3.146598528810000239e+00
-3.123764587904999779e+00
-3.081713796335000310e+00
-3.294877002694999835e+00
-3.040820775510000296e+00
-3.647383687265000063e+00
-2.930904498949999937e+00
-3.001660964984999680e+00
-3.336252823029999703e+00
-3.306369083724999935e+00
-2.605845636859999814e+00
-3.103835406299999988e+00
-2.904366337644999962e+00
-3.250590391510000288e+00
-2.574441132695000078e+00
-2.852935197589999916e+00
-2.924200462654999999e+00
-3.843043488705000232e+00
-3.151081866510000218e+00
-3.081011078705000017e+00
-3.287346212124999667e+00
-2.935518539154999829e+00
-3.251924580585000335e+00
-2.570643941694999768e+00
-2.840467712935000222e+00
-3.084977280354999962e+00
-2.758797560589999698e+00
-2.736142348865000073e+00
-2.558642868239999757e+00
-2.209022052799999969e+00
-3.763945527019999737e+00
-3.403885976145000214e+00
-2.918032886569999818e+00
-2.624221180820000221e+00
-2.498255778339999900e+00
-2.311893197704999903e+00
-2.368933203965000178e+00
-2.314855549259999812e+00
-3.094642099975000171e+00
-3.351849523094999839e+00
-2.843096002514999832e+00
-2.286264006765000190e+00
-3.112549846434999878e+00
-2.722410480219999762e+00
-3.263374688055000306e+00
-3.043063381389999655e+00
-2.883574665604999865e+00
-2.798909052474999992e+00
-3.018493047639999816e+00
-2.685496939680000139e+00
-2.822441686249999915e+00
-2.555565220364999668e+00
-2.470961597070000071e+00
-2.504284365690000236e+00
-2.507266655410000045e+00
-3.185892754794999782e+00
-3.418674319845000475e+00
-2.504594394685000225e+00
-2.908501303235000002e+00
-3.024009593569999765e+00
-3.625786349230000205e+00
-2.915794118185000006e+00
-1.817050520827499849e+00
-2.342003245594999949e+00
-2.529358626249999631e+00
-2.521123276700000027e+00
-2.498959064834999744e+00
-2.418624774895000051e+00
-2.251525903674999718e+00
-1.930137208979999741e+00
-2.317753807674999944e+00
-2.723997571209999968e+00
-2.789630899905000128e+00
-3.271826997389999825e+00
-3.047910745210000272e+00
-3.018378068935000158e+00
-2.314555940490000019e+00
-2.335480479939999743e+00
-2.429217293489999818e+00
-2.400829765120000125e+00
-2.646629736915000031e+00
-2.711485508375000020e+00
-2.936758225954999801e+00
-2.288573522210000100e+00
-2.178865542935000121e+00
-2.986033420185000065e+00
-2.938736361384999718e+00
-3.122684865924999720e+00
-2.694521166310000382e+00
-2.994120252510000135e+00
-2.899446357169999988e+00
-2.980798943189999939e+00
-2.872493505210000020e+00
-2.799517080214999787e+00
-2.820195126589999823e+00
-2.641816035729999790e+00
-2.785423210884999889e+00
-2.656516311359999882e+00
-2.783514334644999977e+00
-2.913184921355000068e+00
-2.682240932790000087e+00
-3.659945046135000268e+00
-3.116716055070000380e+00
-3.378704031979999911e+00
-3.451624210249999880e+00
-3.337678155319999895e+00
-2.809950030930000064e+00
-2.762287456540000186e+00
-2.865458538755000006e+00
-3.918319736679999998e+00
-2.899677626409999931e+00
-3.295969021034999891e+00
-3.933537196279999648e+00
-3.041037067405000016e+00
-3.225736724694999946e+00
-3.060912138755000012e+00
-2.986385704344999947e+00
-2.640974494705000009e+00
-2.607068254230000104e+00
-2.818349787069999834e+00
-2.700855242734999884e+00
-2.583324455435000111e+00
-2.173821859390000277e+00
-3.021653285430000224e+00
-3.037542709444999822e+00
-3.273238808024999891e+00
-2.724257103290000259e+00
-3.083431976835000032e+00
-2.784170509224999979e+00
-2.999100242425000395e+00
-2.599340837135000193e+00
-3.311618597964999910e+00
-3.195125641539999783e+00
-2.968103669755000062e+00
-2.838027727914999687e+00
-2.293227415815000114e+00
-2.770623988645000146e+00
-2.979509186345000060e+00
-2.750342776760000163e+00
-2.339791716020000134e+00
-2.235093068789999915e+00
-2.665670393095000090e+00
-2.295933235729999744e+00
-2.269674932950000112e+00
-2.294844489850000002e+00
-2.353042564649999946e+00
-2.722986447784999875e+00
-2.876221833005000228e+00
-2.086201453510000192e+00
-2.487016874455000082e+00
-3.069887984804999803e+00
-2.773034034894999778e+00
-2.735848762999999906e+00
-2.686519924769999790e+00
-3.584472698974999982e+00
-2.458377515075000019e+00
-2.769922780034999921e+00
-2.672733525644999997e+00
-2.700906648334999716e+00
-2.879111263315000002e+00
-2.309509581179999937e+00
-2.904416847749999864e+00
-2.136239057984999690e+00
-3.164904024320000175e+00
-3.195601119425000025e+00
-2.351764869375000178e+00
-2.760883567985000120e+00
-2.896924669189999690e+00
-2.978758149634999963e+00
-3.248082406770000041e+00
-3.186577600505000163e+00
-3.032517073034999733e+00
-2.574554450735000000e+00
-2.562707134685000110e+00
-2.628461135499999823e+00
-2.721987771809999845e+00
-3.072008186955000220e+00
-2.262063387510000023e+00
-2.801440255455000194e+00
-3.161746587975000189e+00
-3.105021663095000051e+00
-3.016321135494999695e+00
-2.539976550889999629e+00
-2.700207748349999992e+00
-2.777036444250000180e+00
-2.374234664914999904e+00
-2.506866622670000044e+00
-3.156009176455000009e+00
-2.807028373595000126e+00
-2.595832311845000184e+00
-2.313946616024999958e+00
-2.783303390319999959e+00
-2.039019684239999908e+00
-2.009744460449999881e+00
-1.902148751609999966e+00
-2.099754298805000197e+00
-2.825559874795000148e+00
-2.592995877714999953e+00
-3.128136140675000121e+00
-3.166394834010000103e+00
-2.799486407305000313e+00
-3.016854905975000278e+00
-2.908064919765000145e+00
-2.790310571164999587e+00
-3.153048802429999853e+00
-2.882808562220000148e+00
-2.304301151999999853e+00
-2.863250603740000066e+00
-2.987438426745000264e+00
-2.284077745524999870e+00
-2.835267256929999924e+00
-2.629827914665000321e+00
-2.659174138845000090e+00
-2.317879535309999905e+00
-2.907585050825000295e+00
-2.584660681124999915e+00
-2.793692126944999909e+00
-2.954589799719999910e+00
-2.733795929849999862e+00
-3.004272988044999870e+00
-2.897923196839999882e+00
-2.502804313404999981e+00
-2.987066114615000156e+00
-2.032642765509999894e+00
-2.964848972905000046e+00
-2.319970480314999861e+00
-3.338306247524999826e+00
-3.065101109705000049e+00
-3.256682229349999957e+00
-3.226367305610000180e+00
-3.340536476715000092e+00
-3.022449462134999987e+00
-2.818921160794999992e+00
-3.149651907580000021e+00
-2.546766842764999872e+00
-3.259018139640000200e+00
-3.140212013950000269e+00
-2.751855350115000043e+00
-2.164963603039999906e+00
-2.781955234855000292e+00
-2.324826094155000078e+00
-2.868325456375000027e+00
-2.508596524650000159e+00
-3.129210831855000041e+00
-3.021955995754999957e+00
-2.653400605029999859e+00
-2.986036503304999812e+00
-2.911104413779999955e+00
-3.057760020014999913e+00
-2.986041958925000017e+00
-2.792248936330000042e+00
-2.704562461130000095e+00
-2.422230805955000399e+00
-2.665238766759999933e+00
-2.865270535765000126e+00
-3.719447420745000343e+00
-1.980718968004999914e+00
-2.665750481494999935e+00
-2.416269718929999755e+00
-2.956775425810000080e+00
-3.145577785900000034e+00
-2.920868636854999867e+00
-2.473898406330000022e+00
-2.403140689745000280e+00
-3.083099661120000334e+00
-3.686735282195000352e+00
-2.787663433905000154e+00
-2.790880040110000238e+00
-2.252300999350000055e+00
-2.702817850235000208e+00
-2.430933868339999915e+00
-2.810621144369999769e+00
-2.750341381544999741e+00
-2.326783396189999742e+00
-2.426472963560000196e+00
-2.289642029264999934e+00
-2.888569909780000167e+00
-2.778270578844999950e+00
-2.627476800754999786e+00
-2.678221006069999799e+00
-2.194392214939999697e+00
-2.537256340974999969e+00
-2.612568906514999956e+00
-2.483474743799999995e+00
-2.805183422499999857e+00
-3.932592697430000062e+00
-3.408283056860000215e+00
-3.630258270725000180e+00
-3.060037276254999661e+00
-3.453633942804999801e+00
-3.129112793695000061e+00
-3.311587502435000108e+00
-2.788014904039999742e+00
-2.582632144199999757e+00
-2.492455874155000028e+00
-2.736104357334999904e+00
-2.811230957160000266e+00
-2.684041049010000179e+00
-2.765154989975000088e+00
-2.052974432080000078e+00
-2.512631629279999945e+00
-2.328226548850000022e+00
-2.893641616430000063e+00
-2.470303050725000116e+00
-3.467752821885000003e+00
-3.655737831370000190e+00
-3.707261742134999594e+00
-3.016202993514999875e+00
-2.442632845529999930e+00
-2.615221902840000112e+00
-2.430448236510000193e+00
-3.278990249995000106e+00
-2.882289620214999903e+00
-2.719129472299999684e+00
-3.229777054324999952e+00
-2.714941810150000023e+00
-3.040351887315000390e+00
-2.669092104045000191e+00
-2.705405525029999758e+00
-3.180625855955000247e+00
-3.215842740674999867e+00
-3.258944772109999999e+00
-3.103025860964999882e+00
-3.108646057675000129e+00
-2.686949799325000221e+00
-2.315350097595000101e+00
-2.063096796039999958e+00
-3.390903914919999984e+00
-2.679821433579999912e+00
-2.674054914900000135e+00
-2.993042192384999911e+00
-2.819322715470000240e+00
-3.623031863835000088e+00
-3.011337450644999691e+00
-3.329375998425000205e+00
-2.684954865724999973e+00
-2.708824664295000240e+00
-3.114429708514999895e+00
-3.041497155980000144e+00
-3.731095887959999580e+00
-3.626828609609999976e+00
-3.113482078905000172e+00
-3.197130279805000086e+00
-3.102173281139999794e+00
-3.042333953024999982e+00
-3.539208613460000041e+00
-2.890781128845000048e+00
-3.062421390019999912e+00
-3.119788048824999827e+00
-2.004531647674999917e+00
-3.215053713840000160e+00
-2.903589243834999944e+00
-2.863991985944999819e+00
-3.177578667739999752e+00
-2.920573333214999678e+00
-2.748346200234999870e+00
-3.379664676540000023e+00
-3.115099290564999901e+00
-3.133014386250000172e+00
-3.800377994035000206e+00
-3.745994904444999829e+00
-4.013188665254999954e+00
-2.927663376494999969e+00
-3.147064497180000142e+00
-3.043352509870000056e+00
-2.695710211785000254e+00
-2.938470590590000153e+00
-3.016975367395000163e+00
-2.437616260485000019e+00
-3.335967371239999757e+00
-3.301313295960000005e+00
-3.323121247925000077e+00
-2.841014581900000113e+00
-3.270233904134999925e+00
-2.889727721949999939e+00
-3.544470192284999932e+00
-3.304454839674999977e+00
-3.158623111929999894e+00
-3.104992198849999774e+00
-3.192882065740000108e+00
-3.230787550979999700e+00
-2.926442023435000372e+00
-3.219472114130000229e+00
-2.954706342050000156e+00
-2.685458052630000036e+00
-3.901692738244999958e+00
-3.623698944490000073e+00
-3.676109782050000163e+00
-3.787847666124999790e+00
