-1.765184590110000062e+00
-1.619062180854999866e+00
-1.622381680135000170e+00
-1.897495425824999860e+00
-1.247240257611500036e+00
-1.743100949355000040e+00
-1.313534441635499928e+00
-2.141628693109999926e+00
-1.692468643425000030e+00
-1.642224574510000146e+00
-1.894844672345000092e+00
-2.353555751610000080e+00
-1.174407633039999954e+00
-1.624599382550000026e+00
-1.615236265340000088e+00
-1.926879151410000102e+00
-1.417117593374999984e+00
-1.642938121554999853e+00
-1.315448938122000033e+00
-1.253271983349499852e+00
-1.366597373687000072e+00
-1.182566625421999973e+00
-1.289690745226999891e+00
-1.444518360402999857e+00
-1.376881494231000147e+00
-1.714164030879999912e+00
-1.591728577305000059e+00
-1.783338385370000001e+00
-1.961351527624999980e+00
-1.387728926159000009e+00
-1.462792815430000060e+00
-1.597907237784999879e+00
-1.794073280584999930e+00
-1.705264943209999995e+00
-2.012544088234999862e+00
-1.941700119110000067e+00
-1.510119861226500104e+00
-1.584536476854999876e+00
-1.934779864080000022e+00
-1.946029366404999905e+00
-1.186222303875000161e+00
-1.269057810520999974e+00
-1.729598498594999922e+00
-2.287265288389999984e+00
-1.756302284155000004e+00
-1.530814111199499949e+00
-1.392469425735499922e+00
-1.415844858257500061e+00
-1.417246369853500054e+00
-2.126125145685000106e+00
-1.430971037959000158e+00
-1.461580251363499894e+00
-1.518543828069000012e+00
-2.053795043405000076e+00
-1.538755062841499877e+00
-1.787846636155000057e+00
-2.081048642235000301e+00
-1.209997460364500066e+00
-1.066546119122000036e+00
-1.877795459724999949e+00
-1.810299786115000087e+00
-1.506237961107499856e+00
-1.543363508854500132e+00
-1.139738953254000098e+00
-2.309638220224999650e+00
-1.693935444974999927e+00
-2.166810226605000000e+00
-1.548336103311500178e+00
-1.427865246969999946e+00
-1.207396760553499870e+00
-1.889653862734999912e+00
-1.822626334119999969e+00
-1.724839341955000105e+00
-1.219332332669499808e+00
-2.027062393255000039e+00
-2.242127113020000007e+00
-1.705423400604999973e+00
-2.148323218189999828e+00
-1.547484030983000025e+00
-1.706750808535000052e+00
-1.371933848677499901e+00
-1.818301055959999912e+00
-1.427224869423999953e+00
-1.939957189545000071e+00
-1.470539208817999821e+00
-2.159669281030000221e+00
-1.373147082737500080e+00
-1.316204669463000076e+00
-1.150394275661499988e+00
-1.512174465313999905e+00
-2.035432982445000150e+00
-1.272921257933500083e+00
-1.811057614504999913e+00
-1.274103021039000083e+00
-1.982535952009999880e+00
-1.182925581144999905e+00
-1.682315388940000211e+00
-2.609768233320000075e+00
-1.884993433170000010e+00
-1.403895802410000115e+00
-2.334911616129999867e+00
-2.120924525705000008e+00
-1.889230133868500028e+00
-1.394010673581500104e+00
-1.823072936204999994e+00
-1.462792815430000060e+00
-2.470310531485000016e+00
-2.092631314574999735e+00
-3.019969886964999795e+00
-2.202608942159999916e+00
-1.141082387957000011e+00
-2.131695741079999706e+00
-1.863972875059999978e+00
-1.399483914640999860e+00
-1.772395537985000047e+00
-1.474806147285000035e+00
-1.315933032682500059e+00
-2.236609971885000103e+00
-2.155989962435000074e+00
-1.554674275203999922e+00
-1.709252770830000046e+00
-1.145069198405000099e+00
-1.810316378445000041e+00
-1.379165625147499963e+00
-1.464536079621999942e+00
-2.394340524530000014e+00
-1.330822736031000098e+00
-1.882562507119999839e+00
-2.352289443484999687e+00
-2.059945480875000179e+00
-2.067294234434999822e+00
-1.398566774499000021e+00
-1.425326180267000087e+00
-1.602349037429999790e+00
-1.810429705735000061e+00
-1.305909794826999981e+00
-1.517599448647499960e+00
-1.160044857755500036e+00
-1.682298529480000138e+00
-2.332393237389999818e+00
-1.477225547536500150e+00
-1.906596299114999837e+00
-2.178880863984999916e+00
-1.425561420965500092e+00
-1.498298378496500050e+00
-2.587372697920000242e+00
-1.490542696921000054e+00
-1.817704718547000109e+00
-2.886762227884999810e+00
-1.315376747315999850e+00
-1.618943213495000144e+00
-1.417117593374999984e+00
-2.008966778270000031e+00
-1.718109254669999864e+00
-2.083709357540000084e+00
-1.321033867919999993e+00
-1.974892987980000125e+00
-1.410836576614500126e+00
-1.195688514174499950e+00
-1.955900976819999748e+00
-2.191583378225000267e+00
-1.128720144977499951e+00
-1.990688029115000202e+00
-2.274454216289999664e+00
-2.102416977554999900e+00
-2.151088954580000046e+00
-1.636716166817000051e+00
-1.463233824658999982e+00
-2.020024897584999923e+00
-1.812406338715000009e+00
-1.435619409303499960e+00
-1.531926874084999834e+00
-1.190268643341999999e+00
-1.968676634259999947e+00
-2.001049941814999844e+00
-1.657679705735000120e+00
-1.352705556500000128e+00
-2.692206324105000270e+00
-1.795471027894999905e+00
-1.836059500040000181e+00
-1.639983790410000086e+00
-1.708371270500000039e+00
-1.278182644154999936e+00
-1.892264970679999880e+00
-1.573248665149999947e+00
-2.971714961024999990e+00
-2.086437531799999689e+00
-2.462008235225000341e+00
-1.327591567445999932e+00
-1.280962826505499974e+00
-1.905358624330000028e+00
-2.432625275929999997e+00
-1.776805010599999957e+00
-2.087541793989999839e+00
-1.352227804972499836e+00
-1.965591010159999819e+00
-2.275208581064999791e+00
-1.323878836617000010e+00
-1.767334578319999849e+00
-1.628413859444999945e+00
-1.498542552855000043e+00
-1.822034576165000086e+00
-1.173298663249499940e+00
-2.973458159945000290e+00
-1.520330582072499936e+00
-1.529661858077000058e+00
-2.031749423785000008e+00
-9.973630354386000541e-01
-2.284191671439999904e+00
-2.412849953940000347e+00
-1.699726538665000009e+00
-1.502637752390499903e+00
-1.495616735362499838e+00
-1.669289070145000053e+00
-1.874093763269999879e+00
-1.884375019055000156e+00
-1.347750347222000045e+00
-1.273509580715000089e+00
-9.975340661280999166e-01
-1.275832982987500142e+00
-1.979004047589999926e+00
-1.960525922380000008e+00
-1.449927854002500016e+00
-2.379849735255000098e+00
-1.641942289799999788e+00
-1.829677132055000044e+00
-2.197109352900000090e+00
-1.999733942815000054e+00
-1.719179826960000046e+00
-1.718440486815000057e+00
-2.163798337834999863e+00
-1.424705562742500042e+00
-2.193655614709999924e+00
-1.592534423365000062e+00
-2.176122668465000132e+00
-1.606507218650000013e+00
-1.901917744444999947e+00
-1.797414327554999858e+00
-1.410231517539000112e+00
-1.285265059041500013e+00
-1.383268512292000096e+00
-2.323018273115000198e+00
-1.988057588994999847e+00
-2.080541518705000037e+00
-1.494115238408999957e+00
-1.599644485974999863e+00
-1.675554305959999990e+00
-1.419580912335000056e+00
-1.875429242720000111e+00
-1.649781716404999932e+00
-1.454606373907999961e+00
-1.427203854776000203e+00
-2.575044146309999782e+00
-1.714965547305000060e+00
-2.016724701481499959e+00
-1.842534177230000125e+00
-1.465856110673000146e+00
-1.868771326060000071e+00
-1.637743826445499984e+00
-1.462334099229499973e+00
-1.186531938279000054e+00
-1.882490598224999978e+00
-1.390266504053999874e+00
-1.668224378794999962e+00
-1.486404078100499904e+00
-2.391076128399999945e+00
-1.955290462579999833e+00
-1.543748534749999735e+00
-1.297652186722999978e+00
-2.168883313180000272e+00
-2.426521665374999692e+00
-1.667669890595000037e+00
-1.992163972040000175e+00
-2.001734344104999952e+00
-1.899284838924999885e+00
-2.281494847720000330e+00
-1.760839116620000144e+00
-1.474000447724999940e+00
-1.282081159597000086e+00
-2.120062501540000088e+00
-1.178317056680000086e+00
-1.879289198694999996e+00
-1.705361973195000047e+00
-1.265898824285999869e+00
-2.146459253765000241e+00
-1.724411699115000030e+00
-1.561123940694999934e+00
-2.028849473084999744e+00
-2.162694976644999656e+00
-1.932113547705000212e+00
-1.050125508766500015e+00
-1.973812911705000062e+00
-1.869599811325000083e+00
-1.415468054842500045e+00
-1.964913130584999834e+00
-1.548018975328000035e+00
-1.768124144050000179e+00
-1.297163622430999919e+00
-1.729598498594999922e+00
-1.192009332041999992e+00
-1.903255862019999967e+00
-2.027666299789999904e+00
-1.768467633390000238e+00
-1.504708009842999905e+00
-1.823609302835000001e+00
-1.156970152536999974e+00
-1.714812605820000169e+00
-1.489319875014500028e+00
-1.652823817844999876e+00
-1.909394658064999861e+00
-2.099652096389999834e+00
-1.084828300262000056e+00
-1.803063646894999872e+00
-1.926289007834999900e+00
-1.474103005574999958e+00
-1.869709603835000067e+00
-1.291708615109000036e+00
-1.132147610686500050e+00
-1.329176700547500145e+00
-1.280614451524499930e+00
-1.935393893195000103e+00
-2.033406385530000193e+00
-1.857359440765000036e+00
-1.599119933090000112e+00
-1.828795636979999806e+00
-1.382725756279000073e+00
-1.682201648324999965e+00
-1.189905566105549983e+00
-1.207396760553499870e+00
-2.493875868005000385e+00
-1.266482120647000054e+00
-1.744108858699999987e+00
-1.476147498085000009e+00
-1.765184590110000062e+00
-2.538412932329999983e+00
-1.829722706534999910e+00
-2.422451787930000044e+00
-1.752549594390000021e+00
-1.933109976549999942e+00
-1.573674859360000067e+00
-1.103870544680999988e+00
-1.471761567236000046e+00
-1.840526185324999897e+00
-1.551359032990500042e+00
-1.362337379636000101e+00
-1.181003832241499962e+00
-1.797708006119999924e+00
-1.651686391519999964e+00
-1.236083149875500053e+00
-1.363614151059500124e+00
-2.312342393624999826e+00
-1.405921823262500148e+00
-1.678083634330000073e+00
-1.686483882655000155e+00
-1.677136711414999759e+00
-1.436439910968499989e+00
-2.463217558934999829e+00
-2.430808872630000117e+00
-2.088949343839999973e+00
-1.488825853521499987e+00
-1.897907105135000050e+00
-1.753813785935000036e+00
-1.634334063544999882e+00
-1.878784999395000099e+00
-1.983446589299999951e+00
-1.323761085673500038e+00
-1.420935049454500110e+00
-2.011159344650000236e+00
-1.862058489604999867e+00
-2.100010360725000247e+00
-1.749715632849999869e+00
-1.487896586239000118e+00
-2.371889026955000368e+00
-1.931989858305000141e+00
-1.155148904045000036e+00
-1.161989048992499995e+00
-1.443005324985000115e+00
-1.094897617167649884e+00
-1.851352145159999907e+00
-1.234729349056000069e+00
-1.556484147414999963e+00
-2.052557487835000138e+00
-2.472823897869999676e+00
-2.283252700254999823e+00
-1.662362288738000071e+00
-2.193655614709999924e+00
-1.484825165960499849e+00
-1.304840527359500069e+00
-2.199921813045000007e+00
-2.125871669350000381e+00
-2.323018273115000198e+00
-2.326468243974999961e+00
-1.909635902619999825e+00
-2.077883349189999951e+00
-1.832569865359999994e+00
-1.355587483662000103e+00
-1.672119894714999999e+00
-1.316332237216000012e+00
-2.205618223500000141e+00
-1.895883955029999957e+00
-1.605954193795000151e+00
-1.670926989924999884e+00
-1.560753216275000188e+00
-1.979579648280000104e+00
-1.680829542719999958e+00
-1.887453588130000082e+00
-1.340862904908000086e+00
-2.534867163099999932e+00
-1.823468741624999945e+00
-1.501944942693999918e+00
-1.181675640554000095e+00
-2.076883271629999861e+00
